[Header]
TITLE,heat_capacity_multifield.dat
BYAPP,HeatCapacity,3.9.6,1.7
INFO,5.0,MASS:Sample Mass (mg)
INFO,0.01,MASSERR:Sample Mass Error (mg)
INFO,950.0,MOLWGHT:Formula Weight (g/mole)
INFO,1,ATOMS:Atoms per Formula Unit
INFO,PPMS Heat Capacity Option 3.9.6 Build 3,APPNAME
DATATYPE,TIME,1
DATATYPE,COMMENT,2
STARTUPAXIS, X, 8, LINEAR, AUTO
STARTUPAXIS, Y1, 10, LINEAR, AUTO
[Data]
Time Stamp (Seconds),Comment (),System Status (Code),Puck Temp (Kelvin),System Temp (Kelvin),Field (Oersted),Pressure (Torr),Sample Temp (Kelvin),Temp Rise (Kelvin),Samp HC (mJ/mole-K),Samp HC Err (mJ/mole-K),Addenda HC (µJ/K),Addenda HC Err (µJ/K),Total HC (µJ/K),Total HC Err (µJ/K),Fit Deviation (ChiSquare),Time Const tau1 (seconds),Time Const tau2 (seconds),Sample Coupling (Percent),Debye Temp (Kelvin),Debye Temp Err (Kelvin),Cal Correction (Factor),Therm Resist (Ohms),Htr Resist (Ohms),Puck Resist (Ohms),Wire Cond (W/K),Meas Time (seconds),Temp Squared (K^2),Samp HC/Temp (mJ/mole-K/K),Addenda Offset HC (µJ/K)
0.00000,anonymized
0.00593,,1857,2.20012,2.20012,0.46872109,9.8999999E-6,2.2159683,0.047512039,102.25137,1.237,0.20437234,0.005654,0.69093353,0.005784,22.541825,0.38120442,0.0056495752,92.871476,59.140902,0.2762,1,,,,1.8825718E-6,0.71607881,4.9105154,46.142978,0
116.19530,,1857,2.40526,2.40526,0.46872109,9.8999999E-6,2.4123156,0.049016936,132.02258,1.362,0.23853636,0.006136,0.86676328,0.006327,23.291422,0.43649015,0.0058142072,93.283512,59.12422,0.2408,1,,,,2.0619198E-6,0.76240884,5.8192666,54.72857,0
231.19431,,1857,2.61042,2.61042,0.48746994,9.8999999E-6,2.610903,0.052527485,168.46931,1.508,0.27977481,0.006712,1.0814328,0.006951,2.5873389,0.49681927,0.0060686787,93.575621,58.997126,0.2132,1,,,,2.2598874E-6,0.8729803,6.8168145,64.525304,0
347.25035,,1857,2.81587,2.81587,0.44997227,9.8999999E-6,2.8107156,0.056006428,212.20398,1.69,0.32937695,0.007383,1.3391455,0.007723,12.345048,0.56561923,0.006477596,93.758468,58.809223,0.1927,1,,,,2.4582658E-6,0.99363853,7.9001219,75.498204,0
464.19416,,1857,3.02139,3.02139,0.4124746,9.8999999E-6,3.0168389,0.059224477,267.12867,1.909,0.39001657,0.008154,1.6611432,0.008635,2.8217143,0.64541941,0.0070336507,93.856993,58.459549,0.175,1,,,,2.6735093E-6,1.1312385,9.1013168,88.545884,0
581.62359,,1857,3.22585,3.22585,0.48746994,9.8999999E-6,3.218014,0.062614375,329.48826,2.173,0.45768914,0.009076,2.0255526,0.009736,22.507756,0.72728155,0.0076234119,93.921155,58.144855,0.1629,1,,,,2.8942916E-6,1.2908388,10.355614,102.3887,0
699.14782,,1857,3.43096,3.43096,0.44997227,9.8999999E-6,3.4193259,0.065962259,402.38141,2.494,0.53466093,0.01011,2.4493851,0.01108,10.913696,0.8251925,0.0083315283,93.990765,57.798331,0.1539,1,,,,3.0854559E-6,1.4545631,11.69179,117.67858,0
818.61534,,1857,3.63715,3.63715,0.52496761,9.8999999E-6,3.6232461,0.071911936,486.84116,2.772,0.62015163,0.01123,2.9367759,0.01215,7.1449207,0.91868356,0.0086620438,94.248201,57.472046,0.1429,1,,,,3.3193184E-6,1.650385,13.127912,134.36602,0
938.87324,,1857,3.84199,3.84199,0.46872109,9.8999999E-6,3.8260335,0.075027181,583.73429,3.119,0.71735369,0.01242,3.495042,0.0135,18.310869,1.0242463,0.0095962581,94.15536,57.117638,0.1349,1,,,,3.5474118E-6,1.8373671,14.638533,152.56905,0
1058.81634,,1857,4.04693,4.04693,0.43122342,9.8999999E-6,4.0291069,0.078361112,694.93594,3.54,0.82501189,0.01365,4.1318511,0.01516,23.182801,1.1335704,0.010465746,94.11383,56.738861,0.1291,1,,,,3.7924247E-6,2.0484927,16.233702,172.4789,0
1179.71221,,1857,4.25241,4.25241,0.48746994,9.8999999E-6,4.2324693,0.081905167,820.26195,4.02,0.9420233,0.01508,4.8452239,0.01705,9.6078921,1.2583305,0.011512961,94.0408,56.37581,0.1247,1,,,,4.0103862E-6,2.2671409,17.913796,193.80222,0
1301.27797,,1857,4.45806,4.45806,0.44997227,9.8999999E-6,4.4365242,0.085836354,961.74589,4.588,1.0680563,0.01676,5.6445056,0.01932,10.150023,1.3880275,0.012460506,94.024332,56.007611,0.1217,1,,,,4.2380653E-6,2.5166611,19.682747,216.77914,0
1422.50508,,1857,4.66301,4.66301,0.48746994,9.8999999E-6,4.641954,0.091050463,1119.0062,5.105,1.2041366,0.01849,6.5289061,0.02121,23.380141,1.5164602,0.013160235,94.104436,55.668804,0.1173,1,,,,4.486406E-6,2.7760549,21.547737,241.06362,0
1544.51851,,1857,4.86806,4.86806,0.48746994,9.8999999E-6,4.8468077,0.09476817,1291.4373,5.697,1.3559883,0.02029,7.5012678,0.02342,23.427084,1.6548538,0.014274845,94.042068,55.350138,0.1143,1,,,,4.7273738E-6,3.0329205,23.491545,266.45111,0
1668.47232,,1857,5.07361,5.07361,0.46872109,9.8999999E-6,5.051859,0.098454068,1484.7654,6.424,1.5197646,0.02214,8.584992,0.02623,3.4410138,1.7971909,0.015314251,94.012183,54.98512,0.1128,1,,,,4.9848078E-6,3.3097077,25.521279,293.90476,0
1792.24530,,1857,5.27886,5.27886,0.52496761,9.8999999E-6,5.2565676,0.10250813,1691.5742,7.167,1.6929159,0.02404,9.7422391,0.02903,12.597308,1.9459675,0.016540022,93.933383,54.673346,0.1115,1,,,,5.2290748E-6,3.5943818,27.631503,321.80204,0
1918.14173,,1857,5.48406,5.48406,0.54371649,9.8999999E-6,5.4676517,0.10691816,1923.0498,7.697,1.8783509,0.02599,11.029146,0.03046,51.749964,2.0788718,0.017175875,94.005887,54.353576,0.1071,1,,,,5.5402507E-6,3.891935,29.895215,351.71403,0
2043.96333,,1857,5.68895,5.68895,0.50621879,9.8999999E-6,5.6729496,0.11084029,2160.2995,8.568,2.0744184,0.02808,12.354162,0.03377,5.0586096,2.2379625,0.018483321,93.935267,54.094605,0.1073,1,,,,5.7691844E-6,4.1577437,32.182357,380.80711,0
2172.86760,,1857,5.89541,5.89541,0.48746994,9.8999999E-6,5.8784827,0.1151216,2429.2601,9.591,2.2856433,0.03043,13.845231,0.03772,30.902077,2.4174145,0.019961986,93.847238,53.711597,0.1081,1,,,,5.9913166E-6,4.475925,34.556559,413.24612,0
2301.95403,,1857,6.09954,6.09954,0.48746994,9.8999999E-6,6.0853555,0.12002852,2707.6496,10.4,2.5084101,0.03296,15.392708,0.04036,16.197128,2.5370485,0.020577943,93.891842,53.410163,0.107,1,,,,6.3460791E-6,4.8348289,37.031552,444.94518,0
2431.79860,,1857,6.30536,6.30536,0.46872109,9.8999999E-6,6.2903062,0.12317852,3004.0985,11.29,2.7447656,0.03571,17.03971,0.04331,29.787167,2.7034403,0.021984203,93.813703,53.081646,0.1065,1,,,,6.5980006E-6,5.074097,39.567953,477.57588,0
2561.91225,,1857,6.51053,6.51053,0.50621879,9.8999999E-6,6.4962731,0.12766226,3316.7333,12.49,2.9941492,0.03872,18.776761,0.048,8.9453302,2.8698575,0.023299004,93.769716,52.761664,0.1085,1,,,,6.8525138E-6,5.4068807,42.201564,510.55941,0
2695.27785,,1857,6.71512,6.71512,0.50621879,9.8999999E-6,6.7020902,0.13179033,3654.5338,13.75,3.2553608,0.04199,20.645389,0.05282,21.594917,3.033927,0.024645485,93.704566,52.383517,0.1103,1,,,,7.1319934E-6,5.739715,44.918013,545.28269,0
2827.64709,,1857,6.92105,6.92105,0.50621879,9.8999999E-6,6.9076861,0.1364201,4003.8883,14.8,3.5249967,0.04533,22.577422,0.05627,11.313237,3.1844814,0.025715517,93.688655,52.026206,0.1107,1,,,,7.432843E-6,6.0678539,47.716127,579.628,0
2962.62465,,1857,7.12621,7.12621,0.50621879,9.8999999E-6,7.1131078,0.14007343,4374.9044,15.99,3.8107803,0.04864,24.628678,0.0604,10.62902,3.3441085,0.026964162,93.648393,51.629797,0.1118,1,,,,7.7247315E-6,6.3689629,50.596303,615.04824,0
3097.16461,,1857,7.33131,7.33131,0.48746994,9.8999999E-6,7.3186907,0.14388694,4766.0517,17.23,4.1090289,0.05181,26.788194,0.06464,4.8244679,3.5022465,0.028235623,93.600436,51.205203,0.1131,1,,,,8.0268905E-6,6.688217,53.563234,651.21644,0
3232.27822,,1857,7.536,7.536,0.54371649,9.8999999E-6,7.5242754,0.14870239,5168.664,18.44,4.4163742,0.05494,29.011362,0.06866,17.653522,3.6825964,0.029502288,93.59946,50.788678,0.1144,1,,,,8.2684282E-6,7.0044929,56.61472,686.93179,0
3369.06933,,1857,7.74161,7.74161,0.50621879,9.8999999E-6,7.7305581,0.15337608,5573.9154,19.65,4.7423527,0.0583,31.265721,0.07257,16.434031,3.8343429,0.030886883,93.542408,50.414532,0.1158,1,,,,8.5626815E-6,7.3651929,59.761528,721.02368,0
3507.34251,,1857,7.94742,7.94742,0.46872109,9.8999999E-6,7.9360799,0.15740861,6005.2766,21.12,5.0821508,0.06201,33.658143,0.07792,6.2507389,4.004622,0.032384425,93.490253,49.968263,0.1185,1,,,,8.8302797E-6,7.6686858,62.981364,756.70566,0
3646.20157,,1857,8.15262,8.15262,0.48746994,9.8999999E-6,8.1426024,0.16214333,6458.6545,22.71,5.4332483,0.06601,36.166631,0.08374,22.016067,4.1665322,0.033553702,93.489016,49.480148,0.1216,1,,,,9.1205368E-6,8.009244,66.301975,793.19291,0
3784.50819,,1857,8.35794,8.35794,0.54371649,9.8999999E-6,8.348417,0.16620985,6931.9232,24.2,5.8015031,0.07029,38.786926,0.08883,22.267023,4.334507,0.035092886,93.427545,48.947643,0.124,1,,,,9.4075866E-6,8.3330644,69.696066,830.32786,0
3923.99016,,1857,8.56295,8.56295,0.46872109,9.8999999E-6,8.5544894,0.17085045,7404.5326,25.87,6.1859166,0.07479,41.420242,0.09497,8.6806522,4.504839,0.036597468,93.395127,48.447447,0.1276,1,,,,9.6691878E-6,8.6690139,73.179289,865.57271,0
4067.12009,,1857,8.76854,8.76854,0.50621879,9.8999999E-6,8.7609939,0.17522181,7894.5265,26.99,6.5827916,0.07939,44.148743,0.09761,21.373633,4.6308967,0.037686694,93.373781,47.910434,0.1287,1,,,,1.0027579E-5,9.009678,76.755013,901.09942,0
4210.01023,,1857,8.97356,8.97356,0.54371649,9.8999999E-6,8.9673726,0.178894,8424.4678,29.14,7.0010005,0.08424,47.088668,0.1063,9.2487215,4.825505,0.039433751,93.328148,47.257962,0.1341,1,,,,1.0268261E-5,9.2617933,80.413771,939.45777,0
4355.71875,,1857,9.17853,9.17853,0.48746994,9.8999999E-6,9.1744906,0.18343922,8954.242,30.86,7.4367119,0.08931,50.045299,0.1122,12.640553,4.9600399,0.040762026,93.285953,46.626505,0.1378,1,,,,1.0620688E-5,9.6510099,84.171279,975.99336,0
4499.29511,,1857,9.38415,9.38415,0.59996301,9.8999999E-6,9.3802553,0.1872102,9505.883,32.97,7.8858434,0.0945,53.119404,0.1204,31.294343,5.1400008,0.042707461,93.203087,45.930059,0.1431,1,,,,1.0885833E-5,9.9200797,87.989189,1013.3928,0
4643.72399,,1857,9.58888,9.58888,0.52496761,9.8999999E-6,9.5869497,0.1921411,10060.342,34.4,8.347464,0.09976,56.219405,0.1244,18.440849,5.2860782,0.043915491,93.205029,45.236143,0.146,1,,,,1.1202534E-5,10.280002,91.909605,1049.3788,0
4791.57371,,1857,9.79524,9.79524,0.54371649,9.8999999E-6,9.7932619,0.19618704,10634.281,36.25,8.828855,0.1051,59.431875,0.1308,27.616822,5.4439884,0.045590258,93.151468,44.483578,0.1506,1,,,,1.1504021E-5,10.572156,95.907978,1085.8773,0
4938.78416,,1857,9.99967,9.99967,0.48746994,9.8999999E-6,10.001561,0.20057868,11235.477,38.53,9.3311638,0.1106,62.794966,0.1396,9.5099541,5.6190055,0.047217336,93.128853,43.658456,0.157,1,,,,1.1778496E-5,10.887977,100.03123,1123.3724,0
5110.43827,,1857,10.5002,10.5002,0.50621879,9.8999999E-6,10.503162,0.21047247,12687.566,42.63,10.600034,0.1241,70.973572,0.1522,8.4250698,5.9755885,0.051076855,93.037712,41.620039,0.1688,1,,,,1.2526248E-5,11.146048,110.31642,1207.9758,0
5264.28157,,1857,11.0134,11.0134,0.50621879,9.8999999E-6,11.021766,0.21668176,14313.294,48.34,12.016166,0.1391,80.1257,0.1732,8.4054665,6.3648743,0.055414362,92.929327,39.048574,0.1888,1,,,,1.3287241E-5,11.951177,121.47934,1298.6389,0
5421.55248,,1857,11.5262,11.5262,0.52496761,9.8999999E-6,11.53868,0.22891085,15993.482,53.76,13.530191,0.1553,89.634866,0.192,20.601808,6.7388187,0.059577759,92.85731,36.114105,0.2123,1,,,,1.4045801E-5,12.729749,133.14113,1386.0756,0
5582.68798,,1857,12.0415,12.0415,0.52496761,9.8999999E-6,12.055023,0.24053588,17783.903,59.64,15.114613,0.1721,99.738973,0.2126,14.905713,7.1451016,0.064029416,92.781549,32.53308,0.2453,1,,,,1.474835E-5,13.477637,145.32359,1475.2276,0
5746.14515,,1857,12.554,12.554,0.44997227,9.8999999E-6,12.5724,0.25227134,19575.875,65.41,16.744375,0.1891,109.8958,0.2324,1.651015,7.4454148,0.067698463,92.706875,28.412704,0.2924,1,,,,1.5602572E-5,14.290203,158.06523,1557.0516,0
5910.73338,,1857,13.0679,13.0679,0.48746994,9.8999999E-6,13.087785,0.26322054,21518.236,72.06,18.449315,0.2067,120.84343,0.2565,8.3485106,7.9381343,0.072734919,92.661501,22.855802,0.3802,1,,,,1.6097219E-5,14.89083,171.29012,1644.1465,0
6079.01716,,1857,13.5809,13.5809,0.56246531,9.8999999E-6,13.606305,0.2761826,23498.085,77.45,20.248527,0.2243,132.06371,0.2722,6.0262391,8.2110243,0.076237112,92.588057,14.961428,0.6026,1,,,,1.7015855E-5,15.876269,185.13153,1726.9998,0
6248.69157,,1857,14.0947,14.0947,0.48746994,9.8999999E-6,14.12255,0.28592209,25580.805,84.35,22.061547,0.2391,143.78731,0.2965,6.4796409,8.5984333,0.080412771,92.536801,938.72364,937.7,1,,,,1.769874E-5,16.422049,199.44641,1811.3447,0
6421.25168,,1857,14.6043,14.6043,0.52496761,9.8999999E-6,14.640046,0.29623566,27566.225,89.42,24.105118,0.2599,155.27847,0.31,8.6962302,8.7816787,0.08373319,92.463814,1358.0289,76.25,1,,,,1.872103E-5,17.196867,214.33093,1882.933,0
6874.14409,,1857,15.1214,15.1214,0.48746994,9.8999999E-6,15.200144,0.30575418,29794.284,99.15,26.860475,0.3016,168.636,0.3512,16.934655,9.2111697,0.09071254,92.382115,1111.5162,1.835E6,1,,,,1.9386065E-5,17.563357,231.04439,1960.1316,0
7051.47719,,1857,15.6351,15.6351,0.50621879,9.8999999E-6,15.714273,0.31887973,31803.178,111.7,29.925902,0.3588,181.26071,0.4115,11.138572,9.5901674,0.099026968,92.246739,-16433251,1.586E7,1,,,,2.0020268E-5,18.422339,246.93837,2023.8403,0
7228.92332,,1857,16.1492,16.1492,0.59996301,9.8999999E-6,16.230678,0.33090793,33840.328,126,33.164965,0.4197,194.19351,0.481,3.2509985,9.9484067,0.10744555,92.113399,6194.573,3930,1,,,,2.0682535E-5,19.180335,263.43489,2084.9609,0
7410.16385,,1857,16.662,16.662,0.48746994,9.8999999E-6,16.748406,0.34228167,36044.082,137.7,36.172243,0.4681,207.68731,0.5328,2.9142192,10.269819,0.11390049,92.030087,1219.4114,5.159,1,,,,2.1431696E-5,19.896813,280.5091,2152.0903,0
7593.70709,,1857,17.1765,17.1765,0.54371649,9.8999999E-6,17.265971,0.35364032,38301.827,145.6,38.931644,0.5031,221.19015,0.5624,1.5690246,10.599346,0.11938567,91.974714,-11347090,1.329E6,1,,,,2.2119519E-5,20.539637,298.11375,2218.3419,0
7780.24587,,1857,17.6895,17.6895,0.52496761,9.8999999E-6,17.783375,0.36482958,40608.607,154.8,41.627627,0.5323,234.8629,0.5987,2.0722159,10.922392,0.12473755,91.907609,-6662668.5,1.989E4,1,,,,2.2800231E-5,21.198691,316.24843,2283.5152,0
7969.63693,,1857,18.2027,18.2027,0.58121419,9.8999999E-6,18.301321,0.37624982,42911.396,162.7,44.37805,0.5616,248.5711,0.6276,1.6271253,11.204836,0.12917469,91.87907,-7186519.6,6.775E4,1,,,,2.3523811E-5,21.844784,334.93835,2344.7158,0
8159.59871,,1857,18.7158,18.7158,0.54371649,9.8999999E-6,18.81798,0.38662425,45298.507,171.6,47.241407,0.5933,262.79348,0.6615,3.3934002,11.542901,0.13511008,91.798725,-8683480.6,1.629E5,1,,,,2.4152301E-5,22.409673,354.11639,2407.1928,0
8352.98451,,1857,19.2285,19.2285,0.56246531,9.8999999E-6,19.33532,0.39883476,47598.17,179.9,50.094673,0.6222,276.58965,0.6925,1.6119053,11.81714,0.13986659,91.75673,-10738618,2.272E5,1,,,,2.4833771E-5,23.085802,373.85459,2461.7214,0
8546.90226,,1857,19.7438,19.7438,0.54371649,9.8999999E-6,19.853778,0.40955634,50005.536,189.2,53.09094,0.6546,291.04132,0.7287,1.0914433,12.135905,0.14559909,91.69123,-13491390,3.038E5,1,,,,2.5453205E-5,23.63428,394.17251,2518.6912,0
8741.69918,,1857,20.257,20.257,0.48746994,9.8999999E-6,20.371102,0.4208035,52369.948,200.3,56.383392,0.6975,305.58478,0.7759,1.5843225,12.428598,0.15170346,91.623529,-16873412,3.972E5,1,,,,2.6101715E-5,24.271809,414.98178,2570.7961,0
8940.25722,,1857,20.7699,20.7699,0.54371649,9.8999999E-6,20.889227,0.43184663,54701.935,213.3,60.12705,0.758,320.42515,0.834,1.3120128,12.733033,0.15917934,91.535953,-20967117,5.122E5,1,,,,2.6721101E-5,24.857196,436.35982,2618.6672,0
9139.34747,,1857,21.2847,21.2847,0.54371649,9.8999999E-6,21.406931,0.44290386,56932.203,229.4,64.337216,0.8361,335.248,0.9105,1.7775366,13.021065,0.1675654,91.442556,-25710515,6.582E5,1,,,,2.7341776E-5,25.466067,458.25669,2659.522,0
9340.37330,,1857,21.7961,21.7961,0.56246531,9.8999999E-6,21.925473,0.45421699,59121.873,247.1,68.748674,0.9209,350.07896,0.996,1.7109144,13.298541,0.17644717,91.337125,-31271193,8.364E5,1,,,,2.7960081E-5,26.042129,480.72637,2696.4925,0
9541.77763,,1857,22.3108,22.3108,0.54371649,9.8999999E-6,22.443984,0.46469045,61421.627,265.3,73.143401,1.002,365.41703,1.082,1.5095226,13.594182,0.18533684,91.231305,-38157420,1.06E6,1,,,,2.8557521E-5,26.597081,503.7324,2736.6633,0
9747.94108,,1857,22.8255,22.8255,0.58121419,9.8999999E-6,22.961815,0.47603007,63757.27,280.6,77.23678,1.069,380.62451,1.153,1.3063159,13.864638,0.19257435,91.162146,-46424267,1.321E6,1,,,,2.9169147E-5,27.188364,527.24496,2776.665,0
9956.29625,,1857,23.3387,23.3387,0.56246531,9.8999999E-6,23.47913,0.48731911,66109.168,291.5,81.002884,1.119,395.58208,1.198,1.4257493,14.123486,0.1989498,91.099773,-56233940,1.614E6,1,,,,2.9765586E-5,27.729276,551.26956,2815.6566,0
10164.77684,,1857,23.8517,23.8517,0.50621879,9.8999999E-6,23.997261,0.49784949,68554.01,302.2,84.646131,1.162,410.85906,1.242,1.1116006,14.387596,0.20508929,91.03529,-68183682,1.967E6,1,,,,3.0356505E-5,28.246973,575.86854,2856.7431,0
10376.11542,,1857,24.3649,24.3649,0.56246531,9.8999999E-6,24.515375,0.50923308,70977.901,313.6,88.321873,1.204,426.06884,1.29,1.2411053,14.659572,0.21114706,90.984531,-82095978,2.384E6,1,,,,3.0902035E-5,28.775192,601.00363,2895.2402,0
10588.64512,,1857,24.8783,24.8783,0.58121419,9.8999999E-6,25.032771,0.5200627,73375.778,326.2,92.246856,1.254,441.40408,1.345,0.94101628,14.912246,0.21776737,90.916181,-98156254,2.877E6,1,,,,3.1479803E-5,29.319144,626.6396,2931.1889,0
10802.30147,,1857,25.3917,25.3917,0.61871189,9.8999999E-6,25.550242,0.53126434,75716.494,340.8,96.568988,1.32,456.86446,1.41,0.78520707,15.189542,0.22544409,90.848523,,,1,,,,3.1992129E-5,29.824493,652.81486,2963.4355,0
11017.63929,,1857,25.9057,25.9057,0.56246531,9.8999999E-6,26.068747,0.54279924,77891.946,358.7,101.28587,1.401,471.93319,1.495,0.68376119,15.434115,0.23393981,90.763566,,,1,,,,3.2528072E-5,30.379085,679.57957,2987.9436,0
11235.57899,,1857,26.4185,26.4185,0.59996301,9.8999999E-6,26.588159,0.55369905,80060.48,377.5,106.254,1.491,487.22025,1.585,0.65703961,15.679702,0.24309032,90.668052,,,1,,,,3.306147E-5,30.86823,706.93018,3011.1329,0
11453.96302,,1857,26.9319,26.9319,0.56246531,9.8999999E-6,27.106662,0.5641472,82231.791,398.3,111.4147,1.587,502.71309,1.684,0.87219113,15.926296,0.25264263,90.568386,,,1,,,,3.3590716E-5,31.359405,734.77114,3033.6377,0
11674.44183,,1857,27.4467,27.4467,0.61871189,9.8999999E-6,27.629983,0.57410294,84481.975,420.4,116.71801,1.686,518.72385,1.79,0.66720012,16.161888,0.26164212,90.485342,,,1,,,,3.4158024E-5,31.852592,763.41598,3057.6194,0
11894.99816,,1857,27.9602,27.9602,0.59996301,9.8999999E-6,28.147822,0.58463849,86662.252,441,121.95187,1.782,534.33252,1.888,0.5080122,16.392556,0.27064872,90.400241,,,1,,,,3.4694643E-5,32.323776,792.29986,3078.8263,0
12116.35279,,1857,28.473,28.473,0.67495841,9.8999999E-6,28.66473,0.59457043,88943.667,463.2,127.21872,1.878,550.45544,1.993,0.45548326,16.656257,0.28003191,90.316522,,,1,,,,3.5180888E-5,32.785112,821.66674,3102.8957,0
12342.41814,,1857,28.9859,28.9859,0.54371649,9.8999999E-6,29.181538,0.60551758,91171.003,484.2,132.5433,1.976,566.37875,2.093,0.437332,16.899794,0.28937794,90.229213,,,1,,,,3.5682821E-5,33.312513,851.56215,3124.27,0
12569.54967,,1857,29.5007,29.5007,0.59996301,9.8999999E-6,29.698787,0.6158117,93296.429,506,137.97102,2.077,581.92027,2.196,0.42643656,17.109091,0.29829458,90.147985,,,1,,,,3.6216709E-5,33.799588,882.01797,3141.4222,0
12814.21626,,1857,29.9997,29.9997,0.63746071,9.8999999E-6,30.170321,0.55284419,95246.296,526.1,143.03426,2.17,596.26191,2.292,4.9687801,17.181857,0.30530705,90.045222,,,1,,,,3.6962404E-5,27.34078,910.24829,3156.9533,0
13080.53540,,1857,31.0002,31.0002,0.61871189,9.8999999E-6,31.200692,0.63647292,99455.953,573,154.07679,2.364,627.33603,2.515,0.26756612,17.841312,0.32754766,89.892291,,,1,,,,3.7456972E-5,34.363714,973.48318,3187.6201,0
13335.51528,,1857,31.9999,31.9999,0.63746071,9.8999999E-6,32.210875,0.66186443,103417.4,613,165.18207,2.545,657.29178,2.704,0.25071255,18.272803,0.3466733,89.728435,,,1,,,,3.8326831E-5,35.682623,1037.5405,3210.6363,0
13594.37824,,1857,32.999,32.999,0.61871189,9.8999999E-6,33.219045,0.68263109,107431.71,655,176.49139,2.72,687.70311,2.903,0.20281453,18.715424,0.36578545,89.578227,,,1,,,,3.9157835E-5,36.545606,1103.5049,3234.0398,0
13874.85742,,1857,34.0003,34.0003,0.63746071,9.8999999E-6,34.228131,0.70342558,111465.26,694.2,188.08278,2.892,718.48805,3.086,0.19633414,19.134995,0.38503715,89.421659,,,1,,,,4.0022145E-5,37.430848,1171.5649,3256.5394,0
14161.53314,,1857,35.0001,35.0001,0.54371649,9.8999999E-6,35.239293,0.72279002,115331.51,722.9,199.99804,3.063,748.80081,3.217,0.31677016,19.443529,0.402712,89.266262,,,1,,,,4.1055183E-5,38.26999,1241.8077,3272.8101,0
14451.39740,,1857,36.0005,36.0005,0.67495841,9.8999999E-6,36.245315,0.74058776,119206.55,762.4,212.17284,3.231,779.4149,3.402,0.28132503,19.841289,0.42224383,89.118298,,,1,,,,4.1882007E-5,38.887059,1313.7229,3288.8815,0
14742.43955,,1857,37.0008,37.0008,0.69370723,9.8999999E-6,37.253937,0.76096695,122959.41,799.5,224.64256,3.397,809.74253,3.575,0.27031644,20.219292,0.44228177,88.961966,,,1,,,,4.2704362E-5,39.682579,1387.8558,3300.5749,0
15038.27782,,1857,38.0009,38.0009,0.73120493,9.8999999E-6,38.26296,0.78152986,126637.65,836.6,237.42277,3.562,840.02558,3.749,0.23145671,20.603408,0.46275538,88.811525,,,1,,,,4.3479274E-5,40.438584,1464.0541,3309.6669,0
15336.70791,,1857,39.0002,39.0002,0.65620953,9.8999999E-6,39.271735,0.80153113,130259.57,875.2,250.54266,3.727,870.38029,3.93,0.21216669,20.966786,0.48329493,88.660618,,,1,,,,4.427281E-5,41.206816,1542.2692,3316.8783,0
15658.61568,,1857,40.0008,40.0008,0.59996301,9.8999999E-6,40.280297,0.82194484,133822.02,911.5,263.91634,3.893,900.70586,4.1,0.20644267,21.328906,0.50403846,88.514145,,,1,,,,4.5039162E-5,41.933572,1622.5023,3322.2701,0
15983.77883,,1857,41.0007,41.0007,0.63746071,9.8999999E-6,41.288862,0.842243,137292.41,948.6,277.59914,4.058,930.90242,4.274,0.18641468,21.683814,0.52504647,88.369624,,,1,,,,4.5787312E-5,42.657813,1704.7701,3325.1682,0
16294.98517,,1857,42.0004,42.0004,0.63746071,9.8999999E-6,42.295676,0.86258068,140768.72,984.2,291.59398,4.22,961.43921,4.44,0.1834857,22.047592,0.54687114,88.219423,,,1,,,,4.6510886E-5,43.367628,1788.9242,3328.2059,0
16605.42841,,1857,43.0003,43.0003,0.71245611,9.8999999E-6,43.303424,0.88230003,144101.47,1022,305.98887,4.377,991.69294,4.617,0.16955952,22.385267,0.5685346,88.073582,,,1,,,,4.7249126E-5,44.095184,1875.1866,3327.7154,0
16962.99935,,1857,44.0009,44.0009,0.69370723,9.8999999E-6,44.316183,0.9007998,147277.83,1042,320.63628,4.526,1021.455,4.707,0.26093234,22.601659,0.5872597,87.934821,,,1,,,,4.819593E-5,44.770533,1963.9241,3323.3421,0
17323.71568,,1857,45,45,0.35622805,9.8999999E-6,45.322926,0.91740343,150565.51,1074,335.53422,4.668,1051.9973,4.854,0.25966641,22.937898,0.60931907,87.791351,,,1,,,,4.8907342E-5,45.203318,2054.1676,3322.0607,0
17668.13317,,1857,45.9998,45.9998,0.4124746,9.8999999E-6,46.330998,0.93739827,153761.36,1106,350.86096,4.811,1082.5314,5.006,0.23179022,23.268523,0.63208631,87.642268,,,1,,,,4.9609547E-5,45.875795,2146.5614,3318.7578,0
18016.67981,,1857,46.9999,46.9999,0.43122342,9.8999999E-6,47.340258,0.95682908,156867.39,1139,366.79618,4.962,1113.2466,5.158,0.22989338,23.579305,0.65476883,87.497731,,,1,,,,5.0338401E-5,46.537046,2241.1,3313.6151,0
18386.10905,,1857,47.9995,47.9995,0.46872109,9.8999999E-6,48.348039,0.97489542,159901.15,1177,383.48764,5.128,1144.3742,5.341,0.20533172,23.91691,0.68002324,87.332866,,,1,,,,5.1011905E-5,47.15861,2337.5329,3307.2935,0
18741.08842,,1857,48.999,48.999,0.46872109,9.8999999E-6,49.356798,0.99464687,162716.68,1214,400.87914,5.308,1175.1633,5.513,0.21590567,24.210799,0.70455259,87.176089,,,1,,,,5.1737713E-5,47.833821,2436.0936,3296.7431,0
19153.83140,,1857,50.0006,50.0006,0.44997227,9.8999999E-6,50.333712,0.92713137,165113,1238,418.49798,5.494,1204.185,5.627,12.509353,24.192455,0.72083033,87.01661,,,1,,,,5.3040541E-5,40.498999,2533.4825,3280.3661,0
19723.96972,,1857,55.4453,55.4453,0.52496761,9.8999999E-6,55.791775,1.0264566,179610.3,1482,522.24467,6.465,1376.9168,6.793,0.13244213,26.2831,0.87982531,86.12693,,,1,,,,5.575927E-5,48.38491,3112.7222,3219.2972,0
20356.95570,,1857,60.8883,60.8883,0.48746994,9.8999999E-6,61.291163,1.1335798,191495.58,1670,641.12237,7.419,1552.3504,7.685,0.15305877,27.703507,1.0347732,85.18628,,,1,,,,5.9530739E-5,52.5662,3756.6066,3124.3587,0
20997.57786,,1857,66.3334,66.3334,0.50621879,9.8999999E-6,66.762383,1.2283013,202817.73,1904,777.62698,8.465,1742.7312,8.804,0.11216392,29.279319,1.2056703,84.227862,,,1,,,,6.3095067E-5,55.407014,4457.2157,3037.9044,0
21667.41268,,1857,71.7774,71.7774,0.46872109,9.8999999E-6,72.233058,1.3299943,211233.01,2125,926.97648,9.504,1932.1247,9.863,0.10363537,30.709799,1.3814932,83.231846,,,1,,,,6.6517266E-5,58.558637,5217.6146,2924.326,0
22363.43409,,1857,77.2222,77.2222,0.50621879,9.8999999E-6,77.713786,1.427613,219163.67,2298,1086.5241,10.33,2129.4102,10.69,0.098299897,32.091252,1.5500135,82.315319,,,1,,,,6.995767E-5,61.419598,6039.4325,2820.1389,0
23087.68059,,1857,82.6661,82.6661,0.56246531,9.8999999E-6,83.21528,1.5241958,225627.99,2468,1260.3124,11.14,2333.9588,11.5,0.0971008,33.431221,1.7208891,81.366643,,,1,,,,7.3390446E-5,64.182505,6924.7828,2711.3769,0
23843.64184,,1857,88.1103,88.1103,0.65620953,9.8999999E-6,88.730658,1.6176723,232020.29,2651,1450.6878,12.04,2554.7519,12.37,0.10629971,34.709719,1.8869861,80.42389,,,1,,,,7.7151589E-5,66.862443,7873.1296,2614.883,0
24592.39327,,1857,93.5564,93.5564,0.54371649,9.8999999E-6,94.201463,1.7140066,238169.27,2831,1647.9881,12.79,2781.312,13.24,0.079854884,36.128261,2.0622487,79.459939,,,1,,,,8.0498308E-5,69.419437,8873.9157,2528.2969,0
25371.67099,,1857,98.9999,98.9999,0.59996301,9.8999999E-6,99.675051,1.8176535,243123.22,2951,1853.5751,13.41,3010.4723,13.8,0.089643756,37.262356,2.2060681,78.60977,,,1,,,,8.425144E-5,72.256522,9935.1157,2439.1583,0
26011.82233,,1857,99.999,99.999,0.58121419,9.8999999E-6,100.76174,1.8949384,242322.83,2910,1895.7979,13.54,3048.8864,13.61,1.0526081,36.721179,2.1480462,78.76543,,,1,,,,8.6437287E-5,69.851949,10152.928,2404.9091,0
26869.71161,,1857,109.999,109.999,0.58121419,9.8999999E-6,110.68743,1.9178002,253008.51,3267,2293.2298,14.62,3497.1659,15.32,0.058620964,39.896274,2.5324492,76.732048,,,1,,,,9.1028975E-5,73.442358,12251.707,2285.7927,0
27756.15457,,1857,120,120,0.63746071,9.8999999E-6,120.79398,2.1374213,260167.15,3488,2716.3289,15.64,3954.3292,16.37,0.057600824,41.766623,2.7724729,75.159348,,,1,,,,9.7970025E-5,79.792548,14591.187,2153.8088,0
28676.48871,,1857,130.001,130.001,0.58121419,9.8999999E-6,130.88988,2.3161206,266642.07,3613,3156.1833,16.33,4424.9944,16.96,0.07213794,43.282483,2.9559296,73.787773,,,1,,,,0.00010544749,83.533246,17132.162,2037.148,0
29585.92209,,1857,140.001,140.001,0.65620953,9.8999999E-6,140.95286,2.4954731,272538.51,3778,3601.8705,16.9,4898.7397,17.74,0.055026777,44.730068,3.1194894,72.51171,,,1,,,,0.00011265238,86.564966,19867.708,1933.5437,0
30481.80423,,1857,149.999,149.999,0.73120493,9.8999999E-6,151.03494,2.6871409,277802.32,4009,4041.9809,17.73,5363.8979,18.85,0.04618267,45.955938,3.251861,71.361453,,,1,,,,0.000119786,89.460135,22811.554,1839.3248,0
31391.77938,,1857,160,160,0.63746071,9.8999999E-6,161.14335,2.8730046,282724.03,4076,4482.4031,18.08,5827.7399,19.16,0.049426488,46.705423,3.2854598,70.656505,,,1,,,,0.0001277524,91.911875,25967.179,1754.4877,0
32318.12246,,1857,170.001,170.001,0.65620953,9.8999999E-6,171.24235,3.0555053,287207.03,4066,4919.1856,18.11,6285.8547,19.11,0.055672539,47.165868,3.2482358,70.307413,,,1,,,,0.0001361332,93.410846,29323.944,1677.1962,0
33212.53322,,1857,179.999,179.999,0.24373497,9.8999999E-6,181.31229,3.235198,293202.17,4198,5347.6992,18.14,6742.8961,19.73,0.041896329,47.713965,3.2726266,69.692813,,,1,,,,0.00014414815,94.331735,32874.146,1617.1114,0
34119.02999,,1857,189.998,189.998,0.1312419,9.8999999E-6,191.40155,3.4277737,296353.52,4182,5765.0653,18.22,7175.2578,19.65,0.045260619,47.67054,3.159783,69.685331,,,1,,,,0.00015322985,95.42793,36634.555,1548.3339,0
35031.15184,,1857,199.999,199.999,0.093744226,9.8999999E-6,201.47789,3.6046863,301490.61,4158,6161.2813,18.12,7595.9185,19.53,0.050408806,47.527319,3.0472107,69.81112,,,1,,,,0.00016245941,95.34108,40593.342,1496.3955,0
35936.39513,,1857,209.997,209.997,0.074995376,9.8999999E-6,211.55315,3.7770745,306463.06,4271,6550.3505,18.73,8008.6491,20.06,0.057759977,47.236884,2.977917,69.61451,,,1,,,,0.00017216379,95.054638,44754.736,1448.6339,0
36797.04794,,1857,219.996,219.996,0.11249307,9.8999999E-6,221.61088,3.9231143,319087.12,5052,6947.2361,21.97,8465.606,23.8,0.055543524,47.295532,3.1460672,68.184868,,,1,,,,0.00018187526,94.473769,49111.382,1439.8531,0
37657.12133,,1857,230,230,0.18748845,9.8999999E-6,231.72447,4.1172424,323062.43,5701,7341.7792,25.53,8879.0655,26.91,0.058114774,46.802065,2.9619909,68.725769,,,1,,,,0.0001924807,94.591064,53696.23,1394.1662,0
38468.79846,,1857,240,240,0.1312419,9.8999999E-6,241.80948,4.3119697,327525.27,5629,7711.8002,24.46,9270.3229,26.56,0.060640867,46.285018,2.6165766,70.705331,,,1,,,,0.00020277561,93.604129,58471.823,1354.4766,0
39277.28247,,1857,249.998,249.998,0.074995376,9.8999999E-6,251.92655,4.5287109,329904.04,4568,8059.7643,19.23,9629.6063,21.46,0.095969453,45.170746,1.7995993,77.112799,,,1,,,,0.00021493429,92.570036,63466.987,1309.5247,0
49901.29203,Error: Warning: Current field is 100000.66 Oe;
49901.32472,anonymized
49967.77491,,1857,2.59952,2.59952,100000.58,9.8999999E-6,2.6205747,0.054878426,1217.382,9.017,0.28189765,0.006742,6.0747862,0.04093,1.9189565,2.8075619,0.005975226,94.98131,30.537652,0.09653,1,,,,2.2679192E-6,5.0730242,6.8674115,464.54771,0
50102.92052,,1857,2.80551,2.80551,100000.45,9.8999999E-6,2.8153799,0.056049764,1538.6467,13.82,0.33074546,0.007401,7.6523659,0.06373,8.3137574,3.287156,0.0065375491,94.978339,30.266536,0.1143,1,,,,2.4408682E-6,5.6151238,7.9263641,546.51475,0
50239.99050,,1857,3.01157,3.01157,100000.71,9.8999999E-6,3.0189524,0.060699202,1886.5358,9.703,0.39053878,0.008161,9.367583,0.04164,7.8070136,3.6579107,0.0069394282,95.043408,30.216081,0.07333,1,,,,2.683805E-6,6.5743121,9.1140735,624.89751,0
50380.69849,,1857,3.21636,3.21636,100000.73,9.8999999E-6,3.2176519,0.065073379,2230.581,11.09,0.45695939,0.009066,11.071136,0.04721,11.666208,4.0052942,0.0074216147,95.114884,30.328961,0.07317,1,,,,2.8948677E-6,7.3158214,10.353284,693.23253,0
50523.76538,,1857,3.42148,3.42148,100000.35,9.8999999E-6,3.4169281,0.069749213,2570.3417,10.12,0.53246965,0.01008,12.763391,0.03976,3.4565127,4.3225958,0.0079814989,95.18495,30.576844,0.06198,1,,,,3.090144E-6,8.0105884,11.675398,752.23757,0
50669.00108,,1857,3.62767,3.62767,100000.35,9.8999999E-6,3.6180634,0.073852583,2914.7581,12.24,0.61855917,0.01121,14.488379,0.04942,5.2883646,4.5566876,0.0085796025,95.198707,30.884892,0.06778,1,,,,3.3268361E-6,8.6451917,13.090383,805.61277,0
50814.98448,,1857,3.83356,3.83356,100000.39,9.8999999E-6,3.8196195,0.078332503,3231.3634,18.6,0.71428831,0.01238,16.090669,0.08163,6.6209623,4.7544405,0.0094180357,95.131925,31.339218,0.09151,1,,,,3.5428227E-6,9.1133751,14.589493,845.99092,0
50961.47969,,1857,4.03937,4.03937,100000.59,9.8999999E-6,4.0214696,0.082265597,3556.1401,17.68,0.82068843,0.0136,17.742512,0.07527,4.2163869,4.9044872,0.010080555,95.145186,31.776222,0.0842,1,,,,3.7858779E-6,9.508881,16.172218,884.28869,0
51108.46672,,1857,4.24431,4.24431,100000.55,9.8999999E-6,4.2235578,0.086445934,3859.4134,19.02,0.93624305,0.01501,19.301187,0.08079,2.4163609,5.0361111,0.010877429,95.124752,32.292169,0.08687,1,,,,4.0107899E-6,9.8089745,17.838441,913.78254,0
51258.01308,,1857,4.45033,4.45033,100000.68,9.8999999E-6,4.4264484,0.091115099,4148.9143,20.16,1.0599276,0.01665,20.802456,0.0853,2.6684002,5.1495328,0.011742544,95.087934,32.851478,0.08925,1,,,,4.2280865E-6,10.072222,19.593446,937.30095,0
51408.05142,,1857,4.65522,4.65522,100000.8,9.8999999E-6,4.6301697,0.095378061,4436.6331,23.29,1.1961464,0.0184,22.307779,0.1004,3.2273473,5.2103433,0.012483391,95.08421,33.408616,0.09892,1,,,,4.4801863E-6,10.299066,21.438472,958.20096,0
51558.42260,,1857,4.8609,4.8609,100000.68,9.8999999E-6,4.8342626,0.09952269,4708.812,31.29,1.3461189,0.02017,23.75291,0.1403,6.4211803,5.2626108,0.013247502,95.100856,34.001024,0.1248,1,,,,4.7209761E-6,10.420687,23.370095,974.04968,0
51709.26302,,1857,5.06588,5.06588,100000.22,9.8999999E-6,5.0384524,0.10367422,4990.8618,31.2,1.5079607,0.02201,25.25688,0.1388,8.2572299,5.3443301,0.014405082,95.003386,34.54482,0.1232,1,,,,4.9463038E-6,10.525222,25.386003,990.55451,0
51858.47972,,1857,5.27221,5.27221,100000.16,9.8999999E-6,5.2432103,0.10794049,5257.263,38.31,1.6796534,0.0239,26.696238,0.1736,10.329039,5.3250017,0.015053599,95.013373,35.121412,0.1452,1,,,,5.2451131E-6,10.68866,27.491254,1002.6802,0
52009.37503,,1857,5.4781,5.4781,100000.3,9.8999999E-6,5.4523485,0.11150519,5523.6714,23.03,1.8648773,0.02584,28.149161,0.0927,9.7799073,5.3726065,0.016268745,94.907988,35.706544,0.09471,1,,,,5.4852575E-6,10.650003,29.728104,1013.0811,0
52158.48918,,1857,5.68289,5.68289,100000.31,9.8999999E-6,5.6574112,0.11619823,5794.2992,25.26,2.0590652,0.02791,29.631126,0.1034,16.681543,5.4312024,0.017478029,94.822493,36.231797,0.1019,1,,,,5.7145247E-6,10.745213,32.006302,1024.1962,0
52309.14834,,1857,5.88891,5.88891,100000.24,9.8999999E-6,5.8627575,0.12095825,6051.5808,23.87,2.2680124,0.03023,31.064343,0.09382,7.4222785,5.4491296,0.018476898,94.790089,36.778013,0.09691,1,,,,5.9709974E-6,10.862405,34.371926,1032.2072,0
52458.96206,,1857,6.09429,6.09429,100000.46,9.8999999E-6,6.0681625,0.12480062,6338.6393,29.61,2.4905759,0.03276,32.652868,0.1239,9.7676784,5.4667442,0.019272817,94.800319,37.217907,0.1158,1,,,,6.2535776E-6,10.898259,36.822596,1044.5731,0
52608.48996,,1857,6.29956,6.29956,100000.46,9.8999999E-6,6.2736054,0.1283451,6616.8683,28.51,2.725537,0.03548,34.211777,0.1162,6.4053378,5.4375596,0.020132041,94.754143,37.66447,0.1119,1,,,,6.5879398E-6,10.933488,39.358125,1054.7154,0
52759.31524,,1857,6.50573,6.50573,100000.45,9.8999999E-6,6.4782618,0.13208705,6900.518,31.93,2.9714883,0.03844,35.80747,0.1333,4.7261098,5.5117628,0.021468174,94.683365,38.07166,0.1229,1,,,,6.8045718E-6,10.875119,41.967876,1065.1805,0
52909.64377,,1857,6.71145,6.71145,100000.43,9.8999999E-6,6.6836458,0.13694481,7200.9596,33.16,3.2282336,0.04165,37.493861,0.1382,5.0178461,5.5449545,0.022421069,94.664651,38.416823,0.1265,1,,,,7.0814495E-6,11.023526,44.671121,1077.3999,0
53061.96480,,1857,6.91684,6.91684,100000.35,9.8999999E-6,6.8885639,0.14064149,7547.8896,33.97,3.4985398,0.04501,39.415027,0.1406,2.674653,5.6213978,0.023913262,94.537063,38.611757,0.1283,1,,,,7.3495514E-6,11.089909,47.452313,1095.7131,0
53213.74201,,1857,7.12243,7.12243,100000.46,9.8999999E-6,7.0947322,0.14548317,7845.2128,36.63,3.7832522,0.04834,41.114546,0.1533,5.1687127,5.6350368,0.024618775,94.573519,38.933748,0.1367,1,,,,7.6429663E-6,11.242796,50.335225,1105.78,0
53366.27808,,1857,7.32795,7.32795,100000.5,9.8999999E-6,7.2996992,0.14852934,8206.7042,34.63,4.078395,0.05149,43.129838,0.1401,1.1767163,5.68311,0.025861465,94.483629,39.054913,0.1297,1,,,,7.9541182E-6,11.270074,53.285609,1124.2524,0
53518.73606,,1857,7.53407,7.53407,100000.54,9.8999999E-6,7.505732,0.1532277,8518.373,39,4.3879802,0.05465,44.922494,0.1622,1.4787497,5.7437327,0.027199912,94.424555,39.299739,0.1434,1,,,,8.199007E-6,11.36622,56.336013,1134.9157,0
53669.18363,,1857,7.7387,7.7387,100000.45,9.8999999E-6,7.7117675,0.15736546,8834.4717,35.59,4.7109042,0.05797,46.749567,0.1413,1.1518435,5.7292922,0.027734624,94.461225,39.513462,0.1329,1,,,,8.5486005E-6,11.487465,59.471358,1145.5833,0
53818.86076,,1857,7.94438,7.94438,100000.48,9.8999999E-6,7.9163178,0.16061437,9253.2745,43.68,5.047075,0.06161,49.078603,0.1834,1.100012,5.8925623,0.029415963,94.389727,39.426125,0.1571,1,,,,8.7294678E-6,11.458584,62.668088,1168.8862,0
53970.76203,,1857,8.14981,8.14981,100000.45,9.8999999E-6,8.1234029,0.16601926,9622.5856,46.92,5.4009705,0.06564,51.189858,0.1987,1.541953,5.907443,0.030451301,94.337788,39.466114,0.1667,1,,,,9.0837143E-6,11.785125,65.989675,1184.5511,0
54123.13234,,1857,8.35571,8.35571,100000.48,9.8999999E-6,8.3288047,0.16931866,10021.884,60.6,5.7660912,0.06988,53.455032,0.2682,1.1312641,5.9829346,0.031627793,94.306758,39.400233,0.2059,1,,,,9.3662649E-6,11.814886,69.368988,1203.28,0
54274.22041,,1857,8.55724,8.55724,100000.48,9.8999999E-6,8.5347334,0.17413522,10470.174,72.01,6.1486486,0.07435,55.970769,0.3243,0.65548089,6.1792025,0.033940259,94.175874,39.190639,0.2371,1,,,,9.5043564E-6,11.965869,72.841674,1226.7722,0
54437.98436,,1857,8.76612,8.76612,100000.37,9.8999999E-6,8.7389858,0.17994218,10827.539,69.32,6.5393521,0.07889,58.06199,0.3093,1.2522314,6.1172966,0.034342212,94.179109,39.190336,0.2308,1,,,,9.9561158E-6,12.358405,76.369873,1238.9927,0
54592.49275,,1857,8.97207,8.97207,100000.55,9.8999999E-6,8.9440302,0.18192859,11312.999,87.15,6.9518032,0.08367,60.784492,0.3971,0.68329276,6.251057,0.034965973,94.283141,38.842378,0.2788,1,,,,1.0189056E-5,12.234593,79.995676,1264.866,0
54745.81363,,1857,9.17723,9.17723,100000.59,9.8999999E-6,9.1519033,0.18698944,11715.163,112,7.3865994,0.08873,63.132977,0.5181,1.1591942,6.2989542,0.037182717,94.080636,38.699359,0.346,1,,,,1.0517517E-5,12.502114,83.757333,1280.0794,0
54900.98209,,1857,9.38386,9.38386,100000.5,9.8999999E-6,9.3579004,0.19033917,12238.51,90.77,7.8337909,0.0939,66.070506,0.4121,0.56318526,6.4437472,0.03959467,93.90409,38.21552,0.2903,1,,,,1.0773922E-5,12.597908,87.5703,1307.8265,0
55054.42978,,1857,9.58896,9.58896,100000.7,9.8999999E-6,9.5654353,0.1951647,12735.252,105.4,8.3000879,0.09922,68.900538,0.4833,0.5713178,6.5275776,0.041175212,93.826979,37.782583,0.3306,1,,,,1.1096099E-5,12.887494,91.497553,1331.3824,0
55208.89063,,1857,9.79356,9.79356,100000.75,9.8999999E-6,9.7733548,0.19872787,13186.977,93.53,8.7813387,0.1046,71.531316,0.4227,0.32876405,6.4802083,0.040154985,94.044822,37.439913,0.3014,1,,,,1.1579848E-5,13.055155,95.518465,1349.2785,0
55362.88631,,1857,9.99942,9.99942,100000.66,9.8999999E-6,9.9771686,0.20117743,13789.173,106.4,9.2722316,0.1099,74.887743,0.4847,0.47352933,6.813945,0.045915669,93.553266,36.670373,0.3373,1,,,,1.1575934E-5,12.960417,99.543893,1382.0727,0
55363.86508,Error: Warning: Current field is 100000.66 Oe;
55363.89895,anonymized
55542.33277,,1857,10.4999,10.4999,100000.54,9.8999999E-6,10.484452,0.21264302,15167.09,112.9,10.549606,0.1235,82.721911,0.5125,1.3738935,6.9292528,0.04586914,93.841216,34.925117,0.3642,1,,,,1.2538643E-5,13.17039,109.92372,1446.6269,0
55705.41529,,1857,11.0131,11.0131,100000.59,9.8999999E-6,11.004325,0.22017247,16636.189,71.75,11.965518,0.1386,91.128502,0.2926,0.39457691,7.3114019,0.053042563,93.404026,32.735372,0.2612,1,,,,1.3133212E-5,13.858506,121.09516,1511.7864,0
55870.55362,,1857,11.5272,11.5272,100000.71,9.8999999E-6,11.523551,0.23512524,18051.068,96.29,13.48363,0.1548,99.379288,0.4165,0.66633572,7.5829868,0.058235558,93.207598,30.355678,0.3567,1,,,,1.3824862E-5,14.622804,132.79224,1566.4501,0
56037.73163,,1857,12.0403,12.0403,100000.7,9.8999999E-6,12.042499,0.24516159,19760.19,100.1,15.070914,0.1717,109.0994,0.4278,0.98157325,7.7616791,0.057055159,93.614661,26.656338,0.4093,1,,,,1.477387E-5,15.165974,145.02179,1640.8712,0
56205.15898,,1857,12.5541,12.5541,100000.7,9.8999999E-6,12.559794,0.25424985,21488.687,109,16.704875,0.1887,118.95838,0.4664,0.58224417,8.0900057,0.061412184,93.495012,22.038829,0.5225,1,,,,1.5466358E-5,15.523358,157.74843,1710.9107,0
56373.14437,,1857,13.0665,13.0665,100000.68,9.8999999E-6,13.078225,0.26596493,23306.275,112.8,18.41577,0.2063,129.31823,0.4771,0.64733278,8.4206385,0.065945924,93.36525,15.349991,0.7657,1,,,,1.61666E-5,16.180011,171.03997,1782.0672,0
56545.17617,,1857,13.5809,13.5809,100000.5,9.8999999E-6,13.597576,0.27777882,25165.216,127.6,20.21721,0.2241,139.96541,0.5455,0.85212552,8.7169294,0.070081592,93.268456,-22.074763,448.5,1,,,,1.6912246E-5,16.841277,184.89406,1850.7135,0
56719.61602,,1857,14.0949,14.0949,100000.7,9.8999999E-6,14.116764,0.28879656,27108.024,125.5,22.038373,0.2389,151.03138,0.5238,1.2179114,8.9946164,0.072774685,93.285386,3061.0587,1454,1,,,,1.7680521E-5,17.433859,199.28303,1920.2718,0
56894.98026,,1857,14.6076,14.6076,100000.52,9.8999999E-6,14.634217,0.29898996,29154.787,144,24.079239,0.2595,162.81173,0.6118,1.3565682,9.3108459,0.076958423,93.217112,-3706678.5,1.33E6,1,,,,1.8418206E-5,17.989233,214.16031,1992.2341,0
57307.56111,,1857,15.1217,15.1217,100000.46,9.8999999E-6,15.19825,0.31058861,31271.883,139.8,26.847256,0.3014,175.65391,0.577,2.8479779,9.5753629,0.083195279,93.062739,969.85804,139.2,1,,,,1.9334826E-5,18.621692,230.98679,2057.5977,0
57485.39876,,1857,15.6357,15.6357,100000.34,9.8999999E-6,15.710868,0.32110682,33209.272,167,29.912692,0.3586,187.93837,0.713,2.435756,9.9621104,0.091473276,92.911976,1140.0756,70.34,1,,,,1.9892783E-5,19.150726,246.83136,2113.7771,0
57665.75205,,1857,16.1486,16.1486,100000.55,9.8999999E-6,16.229186,0.33383913,35161.656,181.9,33.149412,0.4194,200.46547,0.7816,4.5319549,10.246601,0.098908683,92.780844,1242.6663,26.13,1,,,,2.0635437E-5,19.924221,263.38649,2166.5692,0
57849.74674,,1857,16.6625,16.6625,100000.63,9.8999999E-6,16.747566,0.34449733,37277.137,173.7,36.160571,0.468,213.5431,0.7266,2.4417971,10.528743,0.10380286,92.771922,-54697220,2.563E7,1,,,,2.1383721E-5,20.493202,280.48096,2225.8242,0
58035.11972,,1857,17.1757,17.1757,100000.5,9.8999999E-6,17.264311,0.35538932,39473.361,181.5,38.927228,0.5031,226.76045,0.7561,1.9547918,10.867987,0.1105122,92.624552,-7269388.9,2.849E5,1,,,,2.2017319E-5,21.057486,298.05644,2286.4139,0
58222.28002,,1857,17.6892,17.6892,100000.64,9.8999999E-6,17.782465,0.36760737,41657.25,188.9,41.615194,0.5322,239.84041,0.7834,3.7708179,11.121231,0.11466469,92.586777,-6649393.6,4.306E4,1,,,,2.2758477E-5,21.735974,316.21606,2342.6027,0
58410.41291,,1857,18.2024,18.2024,100000.43,9.8999999E-6,18.300588,0.37819582,43880.953,201.3,44.377647,0.5616,253.18431,0.8382,2.0511174,11.423444,0.12048077,92.476662,-7621340.3,1.434E5,1,,,,2.3403788E-5,22.242462,334.91152,2397.7892,0
58601.21141,,1857,18.7163,18.7163,100000.48,9.8999999E-6,18.8179,0.3899814,46111.072,205.8,47.232074,0.5932,266.65072,0.8495,2.0300653,11.697593,0.12484293,92.452329,-9255452.9,2.119E5,1,,,,2.4069806E-5,22.846887,354.11338,2450.3835,0
59088.57920,Error: Warning: Current field is 100000.48 Oe;
59088.61178,anonymized
59131.70778,Error: Warning: Current field is 100000.59 Oe;
59131.74716,anonymized
59317.11534,,1857,19.4989,19.4989,100000.75,9.8999999E-6,19.60553,0.38925023,49545.512,228.4,51.650716,0.6385,287.41208,0.9522,2.7157407,12.10036,0.13299748,92.314703,-12817107,3.396E5,1,,,,2.5098545E-5,21.267755,384.37682,2527.1192,0
59511.41996,,1857,20.0002,20.0002,100000.66,9.8999999E-6,20.114894,0.41759268,51886.414,227.1,54.709642,0.6746,301.61014,0.9312,1.9250419,12.446434,0.1388853,92.25541,-16003383,4.213E5,1,,,,2.5612125E-5,24.200719,404.60894,2579.5023,0
59709.19549,,1857,20.4996,20.4996,100000.55,9.8999999E-6,20.619189,0.43027526,54106.734,236.6,58.103589,0.7237,315.56944,0.9698,1.9393033,12.749135,0.14558837,92.168361,-19714160,5.306E5,1,,,,2.6169354E-5,24.892867,425.15096,2624.0961,0
59907.12175,,1857,20.9999,20.9999,100000.77,9.8999999E-6,21.12321,0.4419547,56188.564,256.4,61.993641,0.7919,329.36584,1.065,3.3706014,13.021437,0.15281433,92.092954,-23907365,6.781E5,1,,,,2.6743248E-5,25.498269,446.19001,2660.0391,0
60109.40971,,1857,21.4999,21.4999,100000.73,9.8999999E-6,21.628222,0.45333335,58158.35,263.1,66.202616,0.8719,342.948,1.09,1.2496035,13.248557,0.16032938,92.009726,-28616201,8.152E5,1,,,,2.7368494E-5,26.042873,467.78001,2689.0028,0
60309.24718,,1857,22,22,100000.63,9.8999999E-6,22.132282,0.46296231,60270.072,276.3,70.523106,0.9545,357.31708,1.15,1.7971349,13.511464,0.16891485,91.888509,-34480938,1.003E6,1,,,,2.7969541E-5,26.497114,489.8379,2723.1748,0
60512.38923,,1857,22.5,22.5,100000.68,9.8999999E-6,22.637692,0.47333907,62489.631,292,74.710094,1.029,372.0658,1.222,1.0296324,13.764833,0.17686151,91.774364,-41687006,1.243E6,1,,,,2.8598924E-5,27.022928,512.46511,2760.4241,0
60717.01597,,1857,22.9995,22.9995,100000.58,9.8999999E-6,23.142026,0.48325635,64878.799,308.6,78.585185,1.088,387.3097,1.298,1.3892566,14.061827,0.18460509,91.661866,-50757630,1.548E6,1,,,,2.9157699E-5,27.529666,535.55338,2803.5055,0
60926.08211,,1857,23.5005,23.5005,100000.55,9.8999999E-6,23.646752,0.49578691,67082.277,318,82.19209,1.134,401.40181,1.336,0.85827616,14.321299,0.19041377,91.615334,-60659227,1.855E6,1,,,,2.9673685E-5,28.123655,559.16886,2836.8496,0
61134.39703,,1857,23.9998,23.9998,100000.68,9.8999999E-6,24.150821,0.5059511,69427.241,358.3,85.729067,1.174,416.09725,1.539,2.6479551,14.536242,0.19557082,91.555421,-72846464,2.406E6,1,,,,3.0313215E-5,28.642598,583.26216,2874.7362,0
61345.04224,,1857,24.5001,24.5001,100000.5,9.8999999E-6,24.653952,0.51602037,71897.18,335.7,89.344817,1.216,431.46616,1.405,1.0017037,14.839165,0.20198591,91.488617,-87756575,2.675E6,1,,,,3.0801796E-5,29.072485,607.81735,2916.2538,0
71081.28326,Error: Warning: Current field is 130000.77 Oe;
71081.34592,anonymized
71352.03141,,1857,2.60005,2.60005,130000.14,9.8999999E-6,2.6176788,0.06272316,522.29905,4.05,0.28100453,0.006729,2.7663545,0.01846,4.5946178,1.253398,0.0057021172,94.846042,40.55819,0.1302,1,,,,2.3043512E-6,3.0486828,6.8522425,199.52755,0
71473.32836,,1857,2.80426,2.80426,129999.97,9.8999999E-6,2.8053455,0.052107983,708.28683,6.821,0.32818968,0.007368,3.6985589,0.03158,1.9423814,1.5637696,0.0064686527,94.692343,39.254353,0.1518,1,,,,2.4757219E-6,2.5067961,7.8699631,252.47758,0
71870.53562,,1857,3.0126,3.0126,130000.21,9.8999999E-6,3.0078851,0.057239414,947.25945,5.357,0.38708195,0.008116,4.8945977,0.02344,2.2837824,1.9338088,0.0071051397,94.758681,38.167407,0.09544,1,,,,2.650256E-6,3.1275393,9.0473729,314.92541,0
71999.01077,,1857,3.21879,3.21879,129999.99,9.8999999E-6,3.2051996,0.062341706,1200.1985,6.629,0.45237032,0.009003,6.1634917,0.02888,5.4963021,2.1947121,0.0073461728,94.886123,37.532049,0.09302,1,,,,2.9387468E-6,3.8676175,10.273304,374.45359,0
72566.74864,,1857,3.41909,3.41909,129999.99,9.8999999E-6,3.4010892,0.064645857,1496.9492,10.13,0.52642113,0.01,7.6496249,0.04551,3.5396717,2.5494691,0.008019801,94.895474,36.91328,0.1098,1,,,,3.1408893E-6,4.3894243,11.567407,440.13818,0
72985.98051,,1857,3.62565,3.62565,130000.44,9.8999999E-6,3.6000964,0.069716607,1803.134,9.961,0.6103432,0.0111,9.1905215,0.0434,2.2663427,2.8574271,0.0085589231,94.977338,36.613284,0.09379,1,,,,3.3650775E-6,5.0989381,12.960694,500.85715,0
73246.76849,,1857,3.83029,3.83029,130000.06,9.8999999E-6,3.7988763,0.073610791,2124.6666,13.02,0.70450722,0.01227,10.814692,0.05774,3.0131835,3.1714331,0.0095140666,94.873238,36.442024,0.1038,1,,,,3.5715862E-6,5.7148541,14.431461,559.28819,0
73384.10843,,1857,4.03521,4.03521,129999.9,9.8999999E-6,3.9980082,0.078009571,2467.9608,13.48,0.80787686,0.01345,12.551621,0.0586,2.375169,3.4251701,0.0099303202,94.993708,36.318053,0.09624,1,,,,3.8341037E-6,6.3428662,15.984069,617.29759,0
73524.58473,,1857,4.25077,4.25077,130000.27,9.8999999E-6,4.197317,0.082290037,2804.7591,12.47,0.92029779,0.0148,14.26669,0.05139,2.1183604,3.6885083,0.010975918,94.867047,36.354837,0.08309,1,,,,4.0515973E-6,6.8503402,17.61747,668.22667,0
73883.39072,,1857,4.44541,4.44541,129999.9,9.8999999E-6,4.3978558,0.086450102,3156.9642,13.52,1.0421126,0.01641,16.064466,0.05498,2.0384738,3.9193477,0.011576851,94.934629,36.410705,0.08267,1,,,,4.2905948E-6,7.3770167,19.341135,717.84169,0
74295.74721,,1857,4.65055,4.65055,130000.33,9.8999999E-6,4.5985372,0.091245762,3523.2704,14.15,1.1739788,0.01812,17.939393,0.05606,0.46919756,4.2182307,0.012732486,94.863314,36.470341,0.0805,1,,,,4.4545913E-6,7.8386954,21.146545,766.172,0
75043.75962,,1857,4.86169,4.86169,130000.18,9.8999999E-6,4.8010523,0.096020789,3863.1368,16.89,1.3208857,0.01988,19.703547,0.06921,1.9029484,4.308668,0.013241593,94.888454,36.693132,0.08931,1,,,,4.7881157E-6,8.4364613,23.050103,804.64376,0
75472.44474,,1857,5.0673,5.0673,130000.16,9.8999999E-6,5.0017731,0.098913633,4236.0467,19.21,1.4784272,0.02168,21.635574,0.07967,2.0933327,4.5526194,0.014611815,94.751179,36.800878,0.09499,1,,,,4.9816167E-6,8.617336,25.017734,846.90901,0
75730.32854,,1857,5.26697,5.26697,130000.01,9.8999999E-6,5.2048429,0.10389567,4586.0217,18.72,1.646291,0.02354,23.468787,0.07475,1.4835641,4.6522508,0.015402255,94.715887,37.027432,0.08979,1,,,,5.2887915E-6,9.1052388,27.090389,881.10666,0
75877.91704,,1857,5.48264,5.48264,129999.99,9.8999999E-6,5.4114861,0.10738355,4976.2094,16.41,1.8276251,0.02545,25.506821,0.05767,0.70523778,4.8814058,0.016616488,94.672088,37.150778,0.07658,1,,,,5.479646E-6,9.3045016,29.284182,919.5643,0
77197.11878,,1857,5.69177,5.69177,129999.72,9.8999999E-6,5.61565,0.11269326,5319.468,17.92,2.0183049,0.02747,27.330891,0.06407,1.0426587,4.9439564,0.01714971,94.723961,37.41609,0.08081,1,,,,5.7932199E-6,9.7628116,31.535525,947.25776,0
77466.09672,,1857,5.88254,5.88254,129999.99,9.8999999E-6,5.8189474,0.11622375,5675.6744,20.03,2.2224092,0.02972,29.229996,0.07404,1.3392494,5.0993331,0.01853023,94.616886,37.629891,0.08724,1,,,,6.0116026E-6,9.8879128,33.860148,975.37821,0
77922.54742,,1857,6.10558,6.10558,129999.94,9.8999999E-6,6.0228732,0.12055783,6066.9283,19.88,2.4392857,0.03217,31.308647,0.06949,0.92279756,5.2032243,0.019486773,94.575077,37.736406,0.08413,1,,,,6.3117837E-6,10.198666,36.275002,1007.3146,0
78338.68506,,1857,6.30049,6.30049,130000.05,9.8999999E-6,6.2271156,0.12425646,6405.2891,20.89,2.670263,0.03484,33.149707,0.07277,1.1093063,5.2159808,0.020341437,94.521111,37.996246,0.08663,1,,,,6.6681227E-6,10.406449,38.776969,1028.6125,0
78487.37333,,1857,6.50364,6.50364,129999.9,9.8999999E-6,6.4292057,0.12768251,6805.2442,23.08,2.9108874,0.03769,35.29351,0.08299,1.4296416,5.4373218,0.021937133,94.45175,38.053512,0.09295,1,,,,6.8133275E-6,10.431962,41.334686,1058.4891,0
79044.60263,,1857,6.70805,6.70805,129999.9,9.8999999E-6,6.6351096,0.13344581,7186.6872,26.18,3.1676143,0.04089,37.365327,0.09874,1.5832494,5.5154945,0.023079904,94.387265,38.177706,0.1026,1,,,,7.113544E-6,10.874644,44.02468,1083.1301,0
79482.03313,,1857,6.91194,6.91194,130000.49,9.8999999E-6,6.8394303,0.13727144,7589.0417,27.04,3.4322921,0.0442,39.544601,0.1006,2.1281744,5.6065994,0.023965863,94.390068,38.223395,0.104,1,,,,7.4043865E-6,11.030989,46.777807,1109.6014,0
80066.54301,,1857,7.12066,7.12066,130000.25,9.8999999E-6,7.0441099,0.1408878,8018.3706,28.54,3.7119833,0.04753,41.867245,0.1061,3.1703882,5.7046466,0.02505342,94.34633,38.187096,0.1075,1,,,,7.7061077E-6,11.213199,49.619485,1138.3086,0
80217.41415,,1857,7.33199,7.33199,130000.09,9.8999999E-6,7.2487548,0.14559601,8389.8826,29.95,4.0042394,0.05072,43.927333,0.1116,1.2430313,5.8062004,0.026487466,94.272173,38.292316,0.1115,1,,,,7.9471075E-6,11.409293,52.544446,1157.424,0
80368.68972,,1857,7.53412,7.53412,129999.99,9.8999999E-6,7.4545228,0.14949434,8810.3663,33.52,4.3099664,0.05386,46.233924,0.1294,1.6539938,5.8581862,0.026966803,94.340615,38.258242,0.1221,1,,,,8.283369E-6,11.612401,55.56991,1181.882,0
80761.62236,,1857,7.73716,7.73716,130000.12,9.8999999E-6,7.6605169,0.15313559,9214.4702,37.48,4.6297116,0.05712,48.47659,0.1494,1.6384232,5.9307809,0.028493377,94.217735,38.252158,0.134,1,,,,8.5862015E-6,11.716372,58.683519,1202.8523,0
81031.32142,,1857,7.94083,7.94083,129999.8,9.8999999E-6,7.86573,0.15761228,9710.4444,40.69,4.9639269,0.06069,51.170889,0.1642,3.0690224,6.1796119,0.03026412,94.187939,37.990362,0.1424,1,,,,8.6993983E-6,11.861562,61.869708,1234.5255,0
81951.13724,,1857,8.1474,8.1474,130000.16,9.8999999E-6,8.0732639,0.16548408,10003.519,37.72,5.3126005,0.06462,52.914151,0.145,2.1172198,6.137104,0.030582771,94.271782,38.238072,0.1341,1,,,,9.0482148E-6,12.359224,65.17759,1239.0923,0
82232.80736,,1857,8.36145,8.36145,129999.82,9.8999999E-6,8.2783987,0.16658668,10478.418,40.44,5.6731482,0.0688,55.534496,0.1574,2.6057402,6.1960573,0.032390171,94.076858,37.992819,0.1419,1,,,,9.4202929E-6,12.274208,68.531886,1265.7542,0
82865.42090,,1857,8.56387,8.56387,130000.01,9.8999999E-6,8.4835356,0.16974254,10999.343,45.78,6.0493008,0.07319,58.38946,0.1842,2.855731,6.3174555,0.033732429,94.02451,37.614804,0.1569,1,,,,9.7172068E-6,12.392115,71.970376,1296.5517,0
83019.20439,,1857,8.76264,8.76264,130000.2,9.8999999E-6,8.6898128,0.1768625,11371.357,50.01,6.4448716,0.0778,60.555252,0.2053,5.6792053,6.4964863,0.034664614,94.17837,37.592853,0.1703,1,,,,9.783893E-6,12.634911,75.512846,1308.5848,0
83174.98442,,1857,8.97649,8.97649,130000.29,9.8999999E-6,8.8973345,0.18004508,11898.598,51.2,6.8580058,0.08258,63.477256,0.2086,2.8405011,6.462901,0.036417036,93.92465,37.167171,0.1738,1,,,,1.0330249E-5,12.992973,79.162561,1337.3217,0
83658.79957,,1857,9.17999,9.17999,130000.09,9.8999999E-6,9.1049217,0.18264159,12408.119,67.31,7.2884633,0.08759,66.332259,0.2922,5.187701,6.6011571,0.037803918,93.918345,36.762919,0.2191,1,,,,1.0567259E-5,12.925802,82.8996,1362.7925,0
84456.18377,,1857,9.38758,9.38758,130000.12,9.8999999E-6,9.3134184,0.18813774,12846.67,57.67,7.7331845,0.09274,68.863815,0.2385,2.6447514,6.6284619,0.038366053,93.974705,36.511511,0.1942,1,,,,1.0917227E-5,13.202314,86.739762,1379.3721,0
84732.00170,,1857,9.58624,9.58624,129999.9,9.8999999E-6,9.5196349,0.19124275,13424.593,63.36,8.193249,0.09801,72.073915,0.266,1.5858002,6.8101817,0.040778708,93.828812,35.880193,0.2112,1,,,,1.1133533E-5,13.256924,90.623448,1410.2004,0
85178.28987,,1857,9.79719,9.79719,130000.1,9.8999999E-6,9.7277626,0.19666928,13964.668,66.95,8.673291,0.1034,75.123894,0.2823,2.0923952,6.9008724,0.042264854,93.772676,35.319424,0.2231,1,,,,1.1455455E-5,13.620363,94.629366,1435.5478,0
85458.17706,,1857,10.0035,10.0035,129999.91,9.8999999E-6,9.9349672,0.20109687,14537.609,70.4,9.1674785,0.1088,78.344412,0.2976,3.1237424,7.0668584,0.044377974,93.687719,34.640989,0.2351,1,,,,1.1672409E-5,13.801745,98.703572,1463.277,0
85459.09685,Error: Warning: Current field is 129999.94 Oe;
85459.14536,anonymized
85639.11721,,1857,10.4994,10.4994,130000.09,9.8999999E-6,10.436143,0.20540112,15834.049,92.53,10.424253,0.1222,85.77027,0.4072,1.4440253,7.1986856,0.047132976,93.635163,33.066502,0.3061,1,,,,1.2544049E-5,13.17039,108.91308,1517.2319,0
85856.15626,,1857,11.0018,11.0018,129999.99,9.8999999E-6,10.950769,0.21862599,17288.083,66.78,11.810899,0.1369,94.075908,0.2599,4.2557409,7.4977406,0.051220719,93.54381,30.859722,0.2455,1,,,,1.3214223E-5,14.397371,119.91934,1578.7095,0
86302.08787,,1857,11.499,11.499,130000.25,9.8999999E-6,11.457708,0.23133796,18789.459,78.45,13.28687,0.1527,102.69615,0.316,2.1173125,7.7917367,0.054958827,93.507251,28.125043,0.3046,1,,,,1.3879008E-5,14.995481,131.27907,1639.8969,0
86582.02757,,1857,11.9983,11.9983,130000.05,9.8999999E-6,11.964131,0.24285588,20305.136,80.71,14.830289,0.1691,111.45189,0.3184,1.9506909,8.0043518,0.058859885,93.391525,24.814524,0.3495,1,,,,1.46702E-5,15.583473,143.14044,1697.1676,0
87142.15514,,1857,12.501,12.501,129999.86,9.8999999E-6,12.4707,0.25120993,21988.697,92.6,16.421064,0.1858,121.05386,0.3743,3.0891133,8.1791187,0.062288855,93.265427,20.073483,0.4791,1,,,,1.5605253E-5,16.008704,155.51836,1763.2288,0
87583.44671,,1857,13.0038,13.0038,130000.14,9.8999999E-6,12.975255,0.26200155,23693.697,91.43,18.063866,0.2027,130.80986,0.3557,2.1686143,8.57167,0.067293981,93.160689,13.229669,0.7181,1,,,,1.6099964E-5,16.358237,168.35723,1826.068,0
88642.10116,,1857,13.4998,13.4998,129999.82,9.8999999E-6,13.483984,0.27411709,25498.212,97.78,19.822722,0.2205,141.15547,0.3792,3.568082,8.7752529,0.069765166,93.175203,3851.351,3846,1,,,,1.6963529E-5,17.14334,181.81783,1890.9999,0
88817.06423,,1857,14.034,14.034,130000.02,9.8999999E-6,13.985873,0.28453185,27399.753,107.8,21.570075,0.2351,151.95127,0.423,2.6551579,9.1926067,0.074962186,93.060517,1417.0084,128.4,1,,,,1.7445108E-5,17.550506,195.60465,1959.1021,0
89185.60693,,1857,14.4998,14.4998,129999.76,9.8999999E-6,14.499844,0.29787216,29362.992,109.3,23.510836,0.253,163.23407,0.4175,2.248473,9.4500265,0.078738483,92.995752,-2391031.5,2.847E6,1,,,,1.8235074E-5,18.385213,210.24547,2025.0557,0
89575.89587,,1857,15.0179,15.0179,129999.95,9.8999999E-6,15.044964,0.30759464,31424.612,126.1,26.022306,0.2873,175.55572,0.4995,2.4184148,9.7394055,0.083895674,92.933839,1017.012,1411,1,,,,1.9028775E-5,18.900053,226.35093,2088.7131,0
89756.20157,,1857,15.4968,15.4968,129999.68,9.8999999E-6,15.551575,0.32225699,32717.267,149.3,28.919425,0.3396,184.60391,0.6205,0.30629646,9.9137346,0.090764571,92.833652,952.38293,24.56,1,,,,1.9653364E-5,19.478811,241.85148,2103.7912,0
89950.73479,,1857,15.9995,15.9995,129999.82,9.8999999E-6,16.055192,0.32596509,34994.167,155.7,32.0615,0.3994,198.58057,0.6421,0.39965761,10.072106,0.095858872,92.735309,1254.6658,31.02,1,,,,2.0812948E-5,19.827469,257.76919,2179.6168,0
90131.72058,,1857,16.5007,16.5007,130000.14,9.8999999E-6,16.557868,0.33703312,37027.699,167.5,35.113761,0.4525,211.30935,0.694,1.239925,10.650141,0.107062,92.502544,,,1,,,,2.0971088E-5,20.144212,274.16298,2236.2601,0
90329.12638,,1857,17.0001,17.0001,129999.53,9.8999999E-6,17.066878,0.35454396,39173.018,180.1,37.895076,0.4908,224.29913,0.7502,0.72486789,11.009089,0.11387034,92.38835,-7677585.2,4.151E5,1,,,,2.1546109E-5,21.300281,291.27833,2295.2656,0
90516.55135,,1857,17.4952,17.4952,129999.86,9.8999999E-6,17.57872,0.37021969,40826.422,184.5,40.562785,0.5211,234.83453,0.7645,0.54479538,11.208951,0.11619058,92.516311,-6566151.7,2.29E4,1,,,,2.2123278E-5,22.018178,309.0114,2322.4912,0
90707.32036,,1857,18.0003,18.0003,129999.8,9.8999999E-6,18.081075,0.37648558,43338.138,194.4,43.197572,0.5488,249.42126,0.8036,0.91369425,11.493957,0.12340038,92.256904,-7274606.3,1.206E5,1,,,,2.2959573E-5,22.417903,326.92528,2396.8784,0
90897.58678,,1857,18.5012,18.5012,129999.9,9.8999999E-6,18.58388,0.38963491,45669.388,212.6,45.953681,0.5795,263.27058,0.8889,0.15995091,11.992085,0.13095609,92.172224,-8826021.3,2.037E5,1,,,,2.3238916E-5,22.987914,345.36059,2457.4733,0
91094.20033,,1857,19.0003,19.0003,129999.68,9.8999999E-6,19.092454,0.40127521,48142.654,198.3,48.744078,0.6085,277.82997,0.7944,0.5620384,12.119829,0.13490033,92.050995,-11094044,2.594E5,1,,,,2.4285525E-5,23.98417,364.52178,2521.5541,0
91301.17481,,1857,19.4986,19.4986,130000.02,9.8999999E-6,19.601713,0.41140713,49625.166,219,51.608243,0.638,287.74864,0.9001,1.6836939,12.139981,0.13611935,92.140925,-12900745,3.297E5,1,,,,2.5080441E-5,24.239658,384.22717,2531.6749,0
91508.11924,,1857,19.9872,19.9872,130000.01,9.8999999E-6,20.107856,0.41706505,51559.684,240.7,54.658799,0.6739,300.00456,1.007,0.99692916,12.208304,0.13690373,92.24488,-15567111,4.31E5,1,,,,2.5972103E-5,24.279962,404.32587,2564.1562,0
91703.00391,,1857,20.5006,20.5006,129999.63,9.8999999E-6,20.607362,0.42500876,54165.755,246.4,58.033081,0.7226,315.77978,1.023,1.2561986,12.836455,0.14960181,91.988572,-19798298,5.513E5,1,,,,2.6045423E-5,24.416609,424.66338,2628.4662,0
91902.20544,,1857,21.0002,21.0002,129999.8,9.8999999E-6,21.116267,0.44311516,56334.836,255.3,61.924741,0.7906,329.99297,1.059,1.1053325,13.083534,0.15677868,91.899783,-24181196,6.825E5,1,,,,2.6707904E-5,25.67291,445.89673,2667.8407,0
92104.31860,,1857,21.5077,21.5077,129999.88,9.8999999E-6,21.620264,0.45326524,58788.873,285.1,66.148867,0.8709,345.89458,1.206,1.1259462,13.57367,0.17028428,91.640821,-30049073,9.11E5,1,,,,2.7023669E-5,26.167068,467.4358,2719.1562,0
92309.49934,,1857,21.9995,21.9995,129999.57,9.8999999E-6,22.129143,0.46833998,60604.756,300.3,70.48791,0.9538,358.87447,1.277,2.1113981,13.608756,0.17208291,91.759053,-35366843,1.101E6,1,,,,2.7920991E-5,27.14734,489.69897,2738.6852,0
92513.52123,,1857,22.5005,22.5005,129999.8,9.8999999E-6,22.630669,0.4749967,62706.663,321.8,74.660924,1.028,373.04937,1.38,1.5177102,13.896793,0.1812555,91.623013,-42350496,1.368E6,1,,,,2.8436518E-5,27.217512,512.1472,2770.8709,0
92719.01849,,1857,22.9973,22.9973,130000.01,9.8999999E-6,23.138556,0.4843961,64301.145,320.2,78.531463,1.087,384.50722,1.363,2.8686076,13.657946,0.17727404,91.803793,-48672549,1.541E6,1,,,,2.9766395E-5,27.793586,535.39278,2778.961,0
92922.80115,,1857,23.5011,23.5011,129999.57,9.8999999E-6,23.635284,0.48547605,67332.023,355.2,82.120936,1.133,402.51906,1.533,1.6833388,14.370823,0.19376986,91.467422,-61698960,2.066E6,1,,,,2.9688955E-5,27.315891,558.62667,2848.7926,0
93132.70071,,1857,23.9997,23.9997,129999.91,9.8999999E-6,24.143023,0.50773082,69724.187,352.8,85.666976,1.173,417.44817,1.508,0.83383928,14.733356,0.20078811,91.414536,-74307227,2.415E6,1,,,,3.0039108E-5,28.741646,582.88556,2887.9642,0
93344.81649,,1857,24.4794,24.4794,130000.12,9.8999999E-6,24.652093,0.51852007,71582.78,362.4,89.32839,1.216,429.95366,1.55,0.8496084,14.648146,0.20325073,91.341947,-85943699,2.804E6,1,,,,3.1124386E-5,29.466712,607.72569,2903.7202,0
103528.31277,Error: Warning: Current field is 50000.598 Oe;
103528.35331,anonymized
103633.57070,,1857,2.59935,2.59935,50000.656,9.8999999E-6,2.6049008,0.053168622,3691.5369,15.06,0.2784132,0.006692,17.84452,0.06012,0.75723946,8.4305353,0.0066081439,94.624016,20.277748,0.04595,1,,,,2.2332824E-6,14.182561,6.785508,1417.1507,0
103807.45390,,1857,2.80554,2.80554,50000.637,9.8999999E-6,2.8070527,0.063678831,3815.2509,15.07,0.32823513,0.007369,18.483033,0.0593,1.0245047,8.0455431,0.0070658284,94.702947,21.562532,0.04796,1,,,,2.4213881E-6,16.861071,7.8795449,1359.1661,0
103976.73031,,1857,3.01167,3.01167,50000.523,9.8999999E-6,3.0123677,0.067680035,3907.3806,11.7,0.38827427,0.008132,18.981469,0.03733,1.336194,7.5310347,0.0074648311,94.803339,22.916068,0.03958,1,,,,2.6531352E-6,16.091086,9.0743592,1297.1128,0
104143.52791,,1857,3.21644,3.21644,50000.582,9.8999999E-6,3.2123259,0.072160228,3911.165,10.72,0.45498317,0.009039,19.066186,0.02989,1.0194568,7.0161939,0.0079418448,94.9037,24.427556,0.0382,1,,,,2.8566649E-6,15.062069,10.319038,1217.5492,0
104305.20388,,1857,3.42342,3.42342,50000.656,9.8999999E-6,3.4127483,0.075734356,3910.8262,12,0.53081065,0.01006,19.140401,0.03939,1.156333,6.5153757,0.0087040549,94.80274,25.95255,0.04599,1,,,,3.090185E-6,14.032388,11.646851,1145.9463,0
104463.63935,,1857,3.62744,3.62744,50000.543,9.8999999E-6,3.6138642,0.078927291,3956.9666,12,0.61656202,0.01118,19.445711,0.03888,0.72578892,6.2015286,0.0093006689,94.883748,27.350382,0.04805,1,,,,3.2944075E-6,13.030751,13.060015,1094.9406,0
104620.98897,,1857,3.83235,3.83235,50000.523,9.8999999E-6,3.8161139,0.08347622,3963.4785,12.81,0.7124951,0.01236,19.572631,0.04426,1.949535,5.8918899,0.010378145,94.738411,28.861582,0.05406,1,,,,3.493587E-6,12.403057,14.562725,1038.6164,0
104775.69794,,1857,4.03929,4.03929,50000.563,9.8999999E-6,4.018811,0.087890493,3930.6709,14.09,0.81908979,0.01358,19.523112,0.05264,4.4293941,5.4502979,0.010836819,94.826672,30.498244,0.0628,1,,,,3.7617678E-6,11.78378,16.150842,978.06812,0
104928.25414,,1857,4.24427,4.24427,50000.598,9.8999999E-6,4.2206255,0.090996541,3939.4809,13.52,0.93445868,0.01498,19.680402,0.04902,2.2414379,5.226205,0.011824685,94.771161,32.000459,0.06333,1,,,,3.9546699E-6,10.900596,17.81368,933.38793,0
105079.46968,,1857,4.45003,4.45003,50000.617,9.8999999E-6,4.4241,0.095215518,3947.2045,15.91,1.0584604,0.01663,19.841157,0.06317,2.9281445,4.9290782,0.01239899,94.801066,33.516297,0.07661,1,,,,4.2236779E-6,10.45241,19.572661,892.20507,0
105225.69229,,1857,4.65579,4.65579,50000.488,9.8999999E-6,4.626986,0.098546828,3993.8743,16.87,1.1943999,0.01837,20.199173,0.06825,0.39579322,4.7953822,0.013383732,94.768416,34.884693,0.08327,1,,,,4.4186618E-6,9.8581565,21.409,863.16972,0
105373.75656,,1857,4.86065,4.86065,50000.637,9.8999999E-6,4.8319749,0.10319755,4027.5221,14.32,1.3445121,0.02015,20.509398,0.05319,0.81811429,4.6013673,0.014241361,94.736231,36.304631,0.07472,1,,,,4.6741927E-6,9.5907644,23.347982,833.51469,0
105520.99014,,1857,5.06607,5.06607,50000.656,9.8999999E-6,5.0368161,0.10629093,4085.4882,15.12,1.5061269,0.02199,20.946843,0.05756,2.2236793,4.4238299,0.014968924,94.723294,37.621044,0.08064,1,,,,4.9630135E-6,9.2027346,25.369517,811.12514,0
105665.22190,,1857,5.27242,5.27242,50000.656,9.8999999E-6,5.2408576,0.10943408,4183.4056,19.69,1.6781492,0.02388,21.584804,0.0826,1.9505986,4.3618715,0.016021742,94.672923,38.76189,0.1028,1,,,,5.1862653E-6,8.8476597,27.466589,798.2292,0
105807.38113,,1857,5.47808,5.47808,50000.523,9.8999999E-6,5.4514228,0.11351954,4283.8051,14.62,1.8642636,0.02584,22.248667,0.05278,2.4517578,4.260189,0.017028604,94.588705,39.921112,0.08064,1,,,,5.474314E-6,8.7237431,29.71801,785.81413,0
105948.94582,,1857,5.68336,5.68336,50000.598,9.8999999E-6,5.6564782,0.11738499,4415.7091,15.7,2.0581665,0.0279,23.070233,0.05832,1.868267,4.2607475,0.018267477,94.519068,40.89586,0.08666,1,,,,5.6762296E-6,8.5203781,31.995745,780.64636,0
106090.59144,,1857,5.88846,5.88846,50000.508,9.8999999E-6,5.8629314,0.12144417,4559.4856,17.99,2.2677814,0.03023,23.964006,0.07076,3.2568102,4.1769932,0.019008046,94.487532,41.813134,0.09826,1,,,,6.0128148E-6,8.5214951,34.373965,777.6802,0
106231.69676,,1857,6.09372,6.09372,50000.637,9.8999999E-6,6.0688807,0.12411316,4720.2599,17.77,2.490564,0.03276,24.951829,0.06828,2.4251938,4.1330422,0.019806496,94.46958,42.639561,0.09735,1,,,,6.3249962E-6,8.3539864,36.831312,777.78097,0
106374.63620,,1857,6.29967,6.29967,50000.582,9.8999999E-6,6.2738877,0.12714924,4937.0604,17.47,2.7252068,0.03548,26.218113,0.06468,1.5470917,4.1788104,0.020964641,94.417248,43.221951,0.09488,1,,,,6.5734983E-6,8.2660844,39.361667,786.92202,0
106516.00205,,1857,6.50463,6.50463,50000.543,9.8999999E-6,6.4795808,0.13170674,5162.3589,21.5,2.9725118,0.03845,27.537497,0.08655,4.5708966,4.2366452,0.022255682,94.347639,43.761,0.1128,1,,,,6.8114249E-6,8.3576208,41.984967,796.71187,0
106658.00533,,1857,6.71013,6.71013,50000.523,9.8999999E-6,6.6861081,0.13602661,5448.7444,20.2,3.233085,0.04171,29.16083,0.07693,1.0752336,4.3582722,0.023851503,94.247573,44.062425,0.1049,1,,,,7.0156251E-6,8.4732904,44.704041,814.93513,0
106799.66530,,1857,6.91666,6.91666,50000.543,9.8999999E-6,6.8921847,0.14101449,5709.6904,23.39,3.5051484,0.04509,30.6746,0.09351,3.1290746,4.3696188,0.024581125,94.244698,44.44587,0.1178,1,,,,7.3582848E-6,8.7165444,47.502209,828.42969,0
106942.00094,,1857,7.12175,7.12175,50000.617,9.8999999E-6,7.0981519,0.14398933,5994.4792,22.76,3.7898886,0.04841,32.314502,0.0878,1.4430748,4.4233112,0.025611704,94.210966,44.730936,0.1135,1,,,,7.6574196E-6,8.7392376,50.38376,844.51267,0
107085.10757,,1857,7.32745,7.32745,50000.543,9.8999999E-6,7.3039866,0.14773166,6298.3296,26.74,4.0869411,0.05158,34.057421,0.1084,3.6483307,4.4981073,0.026832766,94.154162,44.938213,0.1286,1,,,,7.9378347E-6,8.8466224,53.348221,862.31396,0
107227.66938,,1857,7.53249,7.53249,50000.523,9.8999999E-6,7.5105061,0.15196555,6598.4193,26.05,4.3943789,0.05471,35.79283,0.1024,4.0455353,4.5376325,0.027816699,94.111434,45.153693,0.1243,1,,,,8.2702564E-6,8.9962146,56.407702,878.55855,0
107371.36084,,1857,7.73926,7.73926,50000.598,9.8999999E-6,7.716163,0.15516891,6986.6871,27.21,4.7179442,0.05804,37.96396,0.1063,1.906179,4.6978476,0.029587306,94.011262,45.05706,0.1264,1,,,,8.4785533E-6,9.075265,59.539171,905.46132,0
107515.78411,,1857,7.94395,7.94395,50000.582,9.8999999E-6,7.9232612,0.16056907,7341.7079,28.7,5.0587091,0.06174,39.994084,0.1124,3.7999619,4.7761242,0.03056801,94.008119,45.077275,0.1306,1,,,,8.7837519E-6,9.3956953,62.778068,926.60178,0
107660.40481,,1857,8.14972,8.14972,50000.543,9.8999999E-6,8.1294371,0.16426669,7730.7213,31.87,5.4117077,0.06576,42.198195,0.1277,6.2776335,4.875843,0.031609266,94.003939,44.975697,0.1408,1,,,,9.0769359E-6,9.5522485,66.087748,950.95407,0
107805.24790,,1857,8.3553,8.3553,50000.523,9.8999999E-6,8.335823,0.16810415,8148.3203,32.49,5.7796177,0.07004,44.553242,0.1284,1.9956561,4.9945722,0.033145707,93.920481,44.780364,0.1409,1,,,,9.3607238E-6,9.7516859,69.485945,977.5064,0
107949.85892,,1857,8.56112,8.56112,50000.598,9.8999999E-6,8.5424164,0.17296627,8583.8919,33.91,6.159784,0.07448,47.006067,0.1334,3.9786862,5.1357063,0.034755175,93.852784,44.526644,0.1441,1,,,,9.6087048E-6,9.9891444,72.972878,1004.8552,0
108097.42904,,1857,8.76638,8.76638,50000.523,9.8999999E-6,8.7496444,0.177232,9031.38,36.13,6.5611267,0.07914,49.536774,0.1429,2.1513167,5.2261687,0.035963295,93.805745,44.23514,0.1503,1,,,,9.9531094E-6,10.271413,76.556277,1032.1997,0
108244.96140,,1857,8.97146,8.97146,50000.582,9.8999999E-6,8.9566901,0.18150711,9493.823,42.98,6.9795371,0.08399,52.15571,0.1782,10.294747,5.3837962,0.037361096,93.809593,43.891585,0.1723,1,,,,1.0170678E-5,10.452337,80.222298,1059.97,0
108391.47271,,1857,9.17797,9.17797,50000.563,9.8999999E-6,9.1649163,0.18543482,9994.7125,42.21,7.4160746,0.08907,54.975721,0.1708,5.6851109,5.458102,0.03865892,93.722659,43.434004,0.168,1,,,,1.0580988E-5,10.767592,83.995691,1090.5405,0
108538.88211,,1857,9.38181,9.38181,50000.488,9.8999999E-6,9.3717985,0.18876176,10524.231,47.01,7.8663369,0.09428,57.945687,0.1941,4.3768338,5.6181381,0.039676102,93.777453,42.880523,0.1822,1,,,,1.0829036E-5,10.916204,87.830607,1122.9681,0
108689.07409,,1857,9.58856,9.58856,50000.598,9.8999999E-6,9.5792638,0.19387155,11019.174,45.96,8.3290958,0.09955,60.763621,0.1851,2.593568,5.7168999,0.041358797,93.675451,42.417426,0.1776,1,,,,1.1167224E-5,11.236276,91.762295,1150.3153,0
108838.60042,,1857,9.79553,9.79553,50000.508,9.8999999E-6,9.7859818,0.19674901,11610.403,48.86,8.8102178,0.1049,64.058097,0.1975,3.8115464,5.8521857,0.042846367,93.615961,41.66978,0.1866,1,,,,1.1505564E-5,11.4338,95.76544,1186.4321,0
108989.06927,,1857,9.99932,9.99932,50000.449,9.8999999E-6,9.9951177,0.20149131,12117.454,49,9.3131342,0.1104,66.973804,0.1948,5.5414268,5.9528785,0.043796819,93.646958,41.148909,0.1863,1,,,,1.1820804E-5,11.704371,99.902378,1212.3373,0
108989.87723,Error: Warning: Current field is 50000.543 Oe;
108989.92021,anonymized
109165.15250,,1857,10.5004,10.5004,50000.543,9.8999999E-6,10.498886,0.21482013,13482.236,56.6,10.587101,0.1239,74.742062,0.2285,3.7536765,6.2650168,0.04756369,93.544819,39.41472,0.2114,1,,,,1.2541489E-5,12.158219,110.2266,1284.1588,0
109321.28979,,1857,11,11,50000.543,9.8999999E-6,11.004328,0.21798696,15016.966,52.69,11.963519,0.1386,83.421462,0.194,2.0027169,6.633551,0.051972145,93.404152,37.063031,0.2012,1,,,,1.3232705E-5,12.530034,121.09524,1364.6418,0
109481.22100,,1857,11.4993,11.4993,50000.543,9.8999999E-6,11.508943,0.23071104,16525.04,59.65,13.436463,0.1543,92.070546,0.2237,1.443555,6.9135411,0.05507233,93.393759,34.544437,0.2325,1,,,,1.4010356E-5,13.267102,132.45576,1435.8435,0
109642.00656,,1857,11.9994,11.9994,50000.582,9.8999999E-6,12.012725,0.24016061,18244.348,66.75,14.984295,0.1707,101.79967,0.2523,1.54617,7.2976938,0.059614016,93.27079,31.082296,0.2732,1,,,,1.4687865E-5,13.827082,144.30556,1518.7519,0
109808.02052,,1857,12.5002,12.5002,50000.508,9.8999999E-6,12.516792,0.25203591,19992.825,71.83,16.567961,0.1873,111.70343,0.2686,3.172418,7.6162337,0.063393953,93.185117,26.966619,0.3239,1,,,,1.5451394E-5,14.595388,156.67007,1597.2804,0
109974.75965,,1857,12.9991,12.9991,50000.637,9.8999999E-6,13.020098,0.26358608,21821.806,78.9,18.214539,0.2043,122.05318,0.2961,1.5479199,8.0233223,0.068183382,93.074677,21.599612,0.4254,1,,,,1.6038969E-5,15.232467,169.52294,1676.0094,0
110142.65280,,1857,13.4999,13.4999,50000.469,9.8999999E-6,13.5256,0.27533268,23688.523,83.44,19.969037,0.2219,132.69042,0.3081,3.3375405,8.302038,0.070936832,93.08745,13.820399,0.687,1,,,,1.6847173E-5,16.046645,182.94185,1751.3843,0
110313.93172,,1857,13.9997,13.9997,50000.563,9.8999999E-6,14.029151,0.28533228,25623.155,89.75,21.72405,0.2363,143.65134,0.3301,2.4423398,8.6185863,0.075014233,92.984084,1556.3476,1555,1,,,,1.7582025E-5,16.604076,196.81707,1826.4224,0
110487.09632,,1857,14.4578,14.4578,50000.488,9.8999999E-6,14.533604,0.2958185,27034.514,144.6,23.648052,0.2545,152.29127,0.6259,13.633338,8.4485001,0.070269377,93.461739,2433.5627,1.575E5,1,,,,1.8933568E-5,17.237173,211.22564,1860.1384,0
110942.26250,,1857,14.9994,14.9994,50000.543,9.8999999E-6,15.080936,0.29666901,29751.878,108.7,26.216894,0.2905,167.79063,0.4106,4.8980341,9.2406855,0.084506036,92.825551,-44475146,4.448E7,1,,,,1.9166663E-5,16.897,227.43463,1972.8138,0
111118.60283,,1857,15.4998,15.4998,50000.523,9.8999999E-6,15.585655,0.31747718,31721.637,116.9,29.129402,0.3436,180.0762,0.444,1.6511427,9.6043924,0.091456328,92.743456,1379.5262,2.903E5,1,,,,1.979061E-5,18.481371,242.91264,2035.3099,0
111295.73547,,1857,16,16,50000.434,9.8999999E-6,16.088325,0.32917411,33633.674,128.9,32.280357,0.4035,192.32554,0.4996,1.8194601,9.9199515,0.099196036,92.608343,1377.7358,9286,1,,,,2.0470779E-5,19.208785,258.83422,2090.564,0
111478.04308,,1857,16.5002,16.5002,50000.582,9.8999999E-6,16.591316,0.34039483,35661.792,143.1,35.296642,0.4553,204.99259,0.5669,3.5671285,10.23877,0.10626234,92.486428,1224.8512,10.09,1,,,,2.1148183E-5,19.839903,275.27175,2149.4252,0
111662.02267,,1857,16.9997,16.9997,50000.414,9.8999999E-6,17.095298,0.35169782,37772.709,149.7,38.033356,0.4925,217.77406,0.5899,1.6869397,10.535633,0.11126005,92.443149,-18963423,4.212E6,1,,,,2.183427E-5,20.47754,292.2492,2209.5379,0
111847.71929,,1857,17.5006,17.5006,50000.434,9.8999999E-6,17.598236,0.36272977,39929.262,157.6,40.663589,0.5222,230.66621,0.6197,2.8603896,10.862029,0.11730558,92.327802,-6937679.1,1.424E5,1,,,,2.2447164E-5,21.071266,309.69791,2268.9355,0
112035.66647,,1857,17.9994,17.9994,50000.395,9.8999999E-6,18.102121,0.37435482,42166.342,169.1,43.301116,0.5499,243.94884,0.6701,2.3513986,11.16187,0.12195379,92.280483,-6869945.8,6.488E4,1,,,,2.3106845E-5,21.724058,327.68678,2329.3592,0
112225.45563,,1857,18.4993,18.4993,50000.434,9.8999999E-6,18.606457,0.38502382,44421.917,173.2,46.074988,0.5808,257.45582,0.6769,1.2885756,11.45279,0.12693849,92.220016,-8070559,1.154E5,1,,,,2.3773322E-5,22.32374,346.20025,2387.4463,0
112415.88490,,1857,19,19,50000.523,9.8999999E-6,19.109654,0.39618002,46651.344,188.9,48.838003,0.6095,270.82752,0.7514,1.8670016,11.734496,0.13175633,92.166159,-9817862.9,2.125E5,1,,,,2.4413432E-5,22.905579,365.17888,2441.2448,0
112609.99228,,1857,19.4995,19.4995,50000.488,9.8999999E-6,19.613323,0.40699643,48896.429,199.5,51.681638,0.6388,284.35435,0.7963,1.3055398,12.010051,0.13638424,92.126931,-12141898,2.854E5,1,,,,2.5047539E-5,23.468992,384.68242,2493.0212,0
112804.53430,,1857,19.9993,19.9993,50000.488,9.8999999E-6,20.116864,0.41788765,51180.184,204.7,54.719735,0.6747,298.25965,0.8097,0.85161495,12.307199,0.14174372,92.074798,-15086978,3.639E5,1,,,,2.5642499E-5,24.020102,404.68824,2544.1432,0
113001.19172,,1857,20.4995,20.4995,50000.617,9.8999999E-6,20.622274,0.42836713,53520.133,223.6,58.12,0.724,312.79452,0.9008,1.0197989,12.573471,0.14748413,92.010107,-18786560,4.837E5,1,,,,2.6327403E-5,24.614397,425.27817,2595.2586,0
113198.59372,,1857,20.9989,20.9989,50000.617,9.8999999E-6,21.127556,0.43838317,55762.474,234.1,62.021272,0.7924,327.36593,0.945,0.69232307,12.861938,0.1551135,91.911589,-23107350,6.084E5,1,,,,2.6942876E-5,25.146942,446.37362,2639.3244,0
113398.75861,,1857,21.5009,21.5009,50000.523,9.8999999E-6,21.631143,0.44966805,57879.096,255.2,66.222811,0.8723,341.63937,1.049,1.0265849,13.163212,0.16527569,91.728107,-27999510,7.793E5,1,,,,2.7495692E-5,25.723876,467.90635,2675.7299,0
113600.73179,,1857,21.9998,21.9998,50000.582,9.8999999E-6,22.135844,0.46013345,60106.299,267.6,70.548566,0.9549,356.56323,1.103,1.2978555,13.415734,0.17202746,91.690202,-34057357,9.658E5,1,,,,2.814919E-5,26.326424,489.99557,2715.3381,0
113804.47783,,1857,22.4996,22.4996,50000.563,9.8999999E-6,22.64002,0.47045778,62381.958,277.4,74.724675,1.03,371.56802,1.143,1.2322348,13.694081,0.17922855,91.62679,-41358915,1.182E6,1,,,,2.8738255E-5,26.831467,512.57048,2755.3845,0
114010.75082,,1857,23.0002,23.0002,50000.617,9.8999999E-6,23.144281,0.48164315,64575.187,290.3,78.598363,1.088,385.87814,1.201,1.0609519,13.963451,0.18724979,91.504129,-49661652,1.442E6,1,,,,2.9285341E-5,27.388162,535.65773,2790.1142,0
114219.16728,,1857,23.5011,23.5011,50000.434,9.8999999E-6,23.648014,0.49241822,66918.237,304.5,82.196232,1.134,400.62537,1.264,1.1557333,14.214974,0.19344267,91.425806,-59968151,1.771E6,1,,,,2.987758E-5,27.926902,559.22857,2829.7614,0
114425.89074,,1857,24.0004,24.0004,50000.449,9.8999999E-6,24.151952,0.50297534,69330.829,315,85.734837,1.174,415.64424,1.308,1.0529044,14.503771,0.19964504,91.362,-72373025,2.146E6,1,,,,3.0389957E-5,28.429949,583.3168,2870.6097,0
114636.62255,,1857,24.4991,24.4991,50000.543,9.8999999E-6,24.658003,0.51464398,71601.423,326.1,89.371133,1.216,430.08512,1.354,0.97973084,14.724031,0.20466564,91.327337,-86070580,2.567E6,1,,,,3.0976591E-5,29.007542,608.01709,2903.7803,0
